0.000000;0.000000
0.000000;0.000000
0.000000;0.000000
0.000000;0.000000
0.000000;0.000000
0.000000;0.000000
0.000000;0.000000
0.000000;0.000000
0.000000;0.000000
0.000000;0.000000
0.000000;0.000000
0.000000;0.000000
0.000000;0.000000
0.000000;0.000000
0.000000;0.000000
0.000000;0.000000
0.000000;0.000000
0.000000;0.000000
0.000000;0.000000
0.000000;0.000000
0.000000;0.000000
0.000000;0.000000
0.000000;0.000000
0.000000;0.000000
0.000000;0.000000
0.000000;0.000000
0.000000;0.000000
0.000000;0.000000
0.000000;0.000000
0.000000;0.000000
0.000000;0.000000
0.000048;0.000000
0.000257;-0.000000
0.000499;-0.000000
0.000743;0.000000
0.000979;-0.000000
0.001226;0.000000
0.001474;0.000000
0.001714;-0.000000
0.001965;-0.000000
0.002218;-0.000000
0.002463;-0.000000
0.002719;-0.000000
0.002977;-0.000000
0.003226;-0.000000
0.003488;-0.000000
0.003751;-0.000000
0.004006;-0.000000
0.004274;-0.000000
0.004543;-0.000000
0.004803;-0.000000
0.005077;-0.000000
0.005352;-0.000001
0.005619;-0.000005
0.005898;-0.000023
0.006169;-0.000096
0.006454;-0.000387
0.006740;-0.001388
0.007017;-0.004140
0.007309;-0.011109
0.007602;-0.025512
0.007887;-0.049357
0.008186;-0.086589
0.008487;-0.137672
0.008779;-0.202497
0.009085;-0.292551
0.009394;-0.411524
0.009694;-0.551585
0.010008;-0.712471
0.010326;-0.871499
0.010633;-1.011233
0.010957;-1.142270
0.011283;-1.264678
0.011599;-1.379377
0.011931;-1.497300
0.012266;-1.614805
0.012591;-1.735608
0.012932;-1.893120
0.013277;-2.125301
0.013610;-2.470507
0.013961;-2.999929
0.014301;-3.660267
0.014659;-4.413913
0.015020;-5.094359
0.015370;-5.602784
0.015738;-6.051196
0.016109;-6.607536
0.016469;-7.384626
0.016848;-8.411141
0.017230;-9.463171
0.017600;-10.347369
0.017990;-11.193359
0.018383;-12.218002
0.018764;-13.603086
0.019165;-15.501651
0.019570;-17.681805
0.019962;-19.830347
0.020375;-22.063763
0.020792;-24.419748
0.021195;-26.959244
0.021620;-29.937838
0.022031;-33.000065
0.022464;-36.220844
0.022900;-39.387665
0.023323;-42.427803
0.023767;-45.671520
0.024215;-48.938118
0.024648;-51.878582
0.025104;-54.440578
0.025563;-56.257435
0.026008;-57.196651
0.026474;-57.295490
0.026945;-56.426155
0.027400;-54.544209
0.027877;-51.320366
0.028359;-46.694809
0.028824;-40.941589
0.029313;-33.676109
0.029805;-25.222616
0.030280;-16.065519
0.030779;-5.507677
0.031262;5.519998
0.031768;17.806732
0.032277;30.761541
0.032769;43.703693
0.033285;57.601231
0.033805;71.793793
0.034306;85.527725
0.034832;99.722328
0.035362;113.551292
0.035873;126.260620
0.036409;138.716568
0.036948;150.205383
0.037468;160.151917
0.038014;169.153580
0.038562;176.492264
0.039092;181.728699
0.039646;185.120560
0.040204;186.330154
0.040743;185.453827
0.041306;182.509476
0.041850;177.878937
0.042420;171.395096
0.042993;163.518555
0.043545;155.005478
0.044124;145.574799
0.044705;136.012421
0.045266;127.078880
0.045853;118.345375
0.046443;110.466003
0.047012;103.937607
0.047607;98.435349
0.048205;94.409492
0.048782;91.958054
0.049385;90.782982
0.049991;90.872765
0.050576;92.061234
0.051187;94.435333
0.051776;97.809090
0.052393;102.402237
0.053012;107.944771
0.053609;113.984543
0.054233;120.884163
0.054861;128.309250
0.055466;135.825531
0.056099;143.863312
0.056736;151.799850
0.057350;158.973068
0.057994;165.661606
0.058641;171.339462
0.059265;175.725067
0.059919;179.083206
0.060577;181.098251
0.061213;181.713516
0.061878;181.066681
0.062522;179.491562
0.063196;177.336166
0.063874;175.201065
0.064529;173.612045
0.065217;172.754196
0.065909;172.912903
0.066577;174.167419
0.067278;176.747513
0.067985;180.698730
0.068668;185.767990
0.069384;192.239685
0.070105;199.641464
0.070803;207.249054
0.071535;215.256317
0.072243;222.615631
0.072986;229.563812
0.073735;235.460648
0.074459;239.876694
0.075220;242.950638
0.075986;244.287277
0.076728;243.818359
0.077506;241.432571
0.078291;237.100754
0.079051;231.147339
0.079849;223.136276
0.080653;213.368256
0.081432;202.452240
0.082250;189.611740
0.083041;175.979706
0.083873;160.474289
0.084712;143.638962
0.085524;126.226677
0.086377;106.834656
0.087238;86.288559
0.088071;65.673935
0.088947;43.558392
0.089830;21.163155
0.090685;-0.159503
0.091584;-21.618784
0.092491;-41.639160
0.093370;-58.861462
0.094292;-74.117233
0.095185;-85.716545
0.096122;-94.270325
0.097066;-99.026665
0.097979;-99.978249
0.098936;-97.281219
0.099899;-90.995148
0.100829;-81.809708
0.101803;-69.230820
0.102783;-53.878475
0.103728;-36.816822
0.104716;-16.917160
0.105670;3.936884
0.106667;27.149206
0.107668;51.532169
0.108632;75.714981
0.109640;101.372292
0.110650;127.153725
0.111622;151.678696
0.112637;176.622162
0.113655;200.571884
0.114633;222.294815
0.115653;243.308273
0.116675;262.451080
0.117656;278.934509
0.118679;294.079193
0.119661;306.707397
0.120685;317.991821
0.121708;327.566925
0.122689;335.391876
0.123711;342.407593
0.124731;348.574799
0.125709;353.986206
0.126726;359.387146
0.127741;364.839722
0.128714;370.383636
0.129724;376.725861
0.130691;383.550049
0.131695;391.565247
0.132696;400.570099
0.133653;410.134186
0.134646;420.991608
0.135635;432.675323
0.136580;444.586121
0.137559;457.634033
0.138533;471.228912
0.139463;484.664093
0.140426;498.897583
0.141344;512.625549
0.142295;526.823303
0.143239;540.760803
0.144138;553.767761
0.145068;566.802734
0.145991;579.177612
0.146870;590.303162
0.147780;600.955017
0.148647;610.112183
0.149544;618.334290
0.150436;624.973999
0.151286;629.600342
0.152167;632.320312
0.153043;632.662231
0.153880;630.591309
0.154747;625.828796
0.155610;618.400146
0.156435;608.851257
0.157291;596.549988
0.158109;582.703735
0.158958;566.479187
0.159805;548.808350
0.160615;530.890991
0.161457;511.687622
0.162298;492.402008
0.163103;474.238281
0.163940;456.113739
0.164742;439.862762
0.165578;424.505371
0.166412;411.114563
0.167214;400.437531
0.168048;391.893707
0.168883;386.245453
0.169685;383.730682
0.170521;384.244781
0.171358;387.976776
0.172163;394.528534
0.173004;404.302124
0.173812;416.316650
0.174657;431.316071
0.175503;448.537048
0.176319;466.819336
0.177171;487.304108
0.178027;508.847412
0.178852;530.116699
0.179716;552.449463
0.180583;574.523987
0.181420;595.077087
0.182296;615.448120
0.183142;633.706604
0.184028;651.127441
0.184920;666.754822
0.185782;680.006226
0.186686;692.012695
0.187596;702.289429
0.188475;710.667297
0.189399;718.000549
0.190292;723.831909
0.191229;728.747620
0.192175;732.547241
0.193090;735.177063
0.194051;736.866821
0.195021;737.488281
0.195961;737.093872
0.196948;735.691528
0.197945;733.347290
0.198911;730.300537
0.199928;726.404114
0.200913;722.067139
0.201950;717.027161
0.202997;711.550049
0.204013;705.954285
0.205082;699.829712
0.206163;693.446472
0.207212;687.104370
0.208317;680.289978
0.209389;673.548462
0.210518;666.306580
0.211660;658.815613
0.212768;651.346558
0.213932;643.211548
0.215110;634.646545
0.216251;625.979370
0.217450;616.484497
0.218612;606.971375
0.219833;596.789795
0.221064;586.568787
0.222257;577.012756
0.223509;567.714661
0.224771;559.550171
0.225992;553.217773
0.227273;548.607971
0.228512;546.434204
0.229811;546.807190
0.231119;550.078735
0.232383;556.041931
0.233709;565.181335
0.235043;577.198914
0.236330;591.268311
0.237680;608.313232
0.238983;626.696899
0.240347;647.650452
0.241719;670.128357
0.243042;692.836609
0.244427;717.356628
0.245819;742.449707
0.247161;766.784302
0.248565;792.078613
0.249919;816.009216
0.251334;840.243347
0.252756;863.433167
0.254125;884.399963
0.255557;904.567017
0.256993;922.693665
0.258377;937.862122
0.259822;951.021301
0.261213;960.846741
0.262667;967.918335
0.264125;971.596863
0.265527;971.883301
0.266992;968.871216
0.268459;962.675354
0.269871;954.023926
0.271344;942.605957
0.272761;929.803589
0.274239;915.104614
0.275719;899.613953
0.277142;884.571045
0.278626;869.307800
0.280111;855.018860
0.281538;842.691223
0.283026;831.726624
0.284455;823.347961
0.285944;817.167908
0.287433;813.851501
0.288863;813.549133
0.290354;816.360779
0.291785;822.115112
0.293275;831.268860
0.294766;843.530579
0.296197;858.032593
0.297687;875.701965
0.299177;895.633484
0.300608;916.523865
0.302098;939.705139
0.303527;962.933289
0.305016;987.747742
0.306504;1012.809570
0.307932;1036.760742
0.309419;1061.265991
0.310905;1084.999756
0.312331;1106.772461
0.313815;1128.119995
0.315239;1147.104370
0.316721;1165.110596
0.318202;1181.169189
0.319623;1194.687012
0.321101;1206.804321
0.322519;1216.651367
0.323994;1225.239868
0.325468;1232.388306
0.326881;1238.199219
0.328352;1243.522949
0.329821;1248.507568
0.331229;1253.372681
0.332694;1258.956787
0.334098;1265.232056
0.335559;1273.155884
0.337017;1282.918335
0.338415;1294.387329
0.339869;1308.846069
0.341263;1325.381226
0.342712;1345.543457
0.344158;1368.773071
0.345544;1393.915161
0.346986;1422.904419
0.348424;1454.476196
0.349802;1486.870972
0.351234;1522.358643
0.352607;1557.628418
0.354033;1595.067383
0.355456;1632.626587
0.356819;1668.224365
0.358236;1704.225098
0.359593;1737.180298
0.361002;1769.256958
0.362408;1798.490112
0.363754;1823.415283
0.365153;1845.688721
0.366548;1863.844849
0.367883;1877.151855
0.369270;1886.558716
0.370597;1891.271973
0.371976;1891.747925
0.373351;1887.849365
0.374666;1880.245850
0.376032;1868.667603
0.377341;1854.379883
0.378699;1836.564697
0.380054;1816.228516
0.381351;1794.808350
0.382699;1770.974365
0.383990;1747.038696
0.385332;1721.429810
0.386671;1695.566284
0.387954;1670.918701
0.389288;1645.866089
0.390619;1621.827148
0.391895;1599.959717
0.393223;1578.621338
0.394495;1559.631348
0.395818;1541.458862
0.397140;1524.910522
0.398408;1510.492554
0.399727;1496.909180
0.400992;1485.127441
0.402309;1474.032349
0.403626;1464.007935
0.404889;1455.240845
0.406204;1446.798462
0.407466;1439.159058
0.408781;1431.498535
0.410095;1423.958374
0.411357;1416.672974
0.412672;1408.918945
0.413935;1401.278076
0.415251;1393.154663
0.416568;1385.005127
0.417833;1377.383057
0.419152;1369.960571
0.420471;1363.419922
0.421740;1358.306641
0.423063;1354.512451
0.424334;1352.603149
0.425661;1352.647217
0.426989;1354.925171
0.428266;1359.300781
0.429600;1366.181152
0.430882;1375.012573
0.432219;1386.481079
0.433560;1400.160645
0.434850;1415.217651
0.436197;1432.698608
0.437493;1450.981689
0.438847;1471.309570
0.440204;1492.590210
0.441511;1513.529663
0.442875;1535.442261
0.444189;1556.139893
0.445562;1576.858521
0.446939;1596.218262
0.448266;1613.075195
0.449653;1628.395752
0.451044;1641.037598
0.452385;1650.360107
0.453787;1656.937500
0.455137;1660.158936
0.456549;1660.322021
0.457967;1657.380493
0.459334;1651.893799
0.460764;1643.797974
0.462142;1634.235107
0.463584;1623.038452
0.465032;1611.289062
0.466429;1600.172974
0.467891;1589.466309
0.469301;1580.656860
0.470776;1573.609741
0.472259;1569.251709
0.473689;1567.981201
0.475186;1569.975464
0.476629;1575.232178
0.478140;1584.253906
0.479658;1596.884277
0.481122;1612.349731
0.482654;1631.846436
0.484132;1653.689697
0.485679;1679.523560
0.487232;1708.286255
0.488730;1738.431274
0.490297;1772.222168
0.491809;1806.704956
0.493391;1844.461426
0.494980;1883.753906
0.496512;1922.566040
0.498115;1963.727417
0.499660;2003.520264
0.501277;2044.768677
0.502902;2085.282715
0.504467;2122.976807
0.506106;2160.464844
0.507686;2194.273926
0.509338;2226.772949
0.510997;2256.119141
0.512598;2281.077637
0.514272;2303.623047
0.515885;2322.004883
0.517573;2337.943359
0.519268;2350.902832
0.520902;2360.900391
0.522612;2369.206787
0.524259;2375.601318
0.525982;2381.085693
0.527713;2385.821289
0.529381;2390.042725
0.531125;2394.443848
0.532807;2398.954102
0.534566;2404.208984
0.536332;2410.256348
0.538034;2416.978027
0.539814;2425.065918
0.541530;2433.953613
0.543324;2444.427002
0.545126;2456.148438
0.546862;2468.541992
0.548678;2482.551025
0.550427;2496.920898
0.552257;2512.658936
0.554094;2528.937012
0.555864;2544.791504
0.557715;2561.212402
0.559499;2576.553467
0.561364;2591.731445
0.563237;2605.708984
0.565041;2617.635010
0.566928;2628.132812
0.568746;2636.018066
0.570647;2641.599854
0.572554;2644.187012
0.574393;2643.628418
0.576315;2639.721436
0.578167;2632.718994
0.580103;2622.078369
0.582045;2608.165771
0.583916;2591.947998
0.585871;2572.379395
0.587753;2551.368896
0.589719;2527.558594
0.591691;2502.203369
0.593590;2476.817383
0.595572;2449.712646
0.597480;2423.449951
0.599472;2396.231445
0.601469;2369.520264
0.603390;2344.664307
0.605395;2319.876953
0.607323;2297.375244
0.609336;2275.495361
0.611271;2256.160645
0.613291;2237.916748
0.615313;2221.737793
0.617257;2208.232666
0.619286;2196.322021
0.621235;2186.965088
0.623268;2179.356689
0.625303;2173.875488
0.627258;2170.535400
0.629297;2168.942383
0.631255;2169.079102
0.633296;2170.769531
0.635339;2173.816406
0.637300;2177.780273
0.639344;2182.725586
0.641306;2187.998535
0.643351;2193.765625
0.645314;2199.314209
0.647359;2204.861328
0.649403;2209.950928
0.651364;2214.235352
0.653407;2217.935303
0.655368;2220.663330
0.657408;2222.589355
0.659448;2223.564941
0.661404;2223.642822
0.663440;2222.930176
0.665393;2221.642334
0.667425;2219.910400
0.669454;2218.088379
0.671400;2216.590576
0.673424;2215.672363
0.675364;2215.778076
0.677382;2217.304932
0.679316;2220.474609
0.681328;2225.863037
0.683335;2233.622803
0.685257;2243.442139
0.687256;2256.183594
0.689171;2270.776855
0.691162;2288.290527
0.693147;2307.923828
0.695049;2328.465576
0.697027;2351.254639
0.698922;2374.081055
0.700891;2398.426270
0.702778;2421.956787
0.704740;2446.260742
0.706699;2470.030273
0.708575;2492.114746
0.710526;2514.199219
0.712396;2534.453613
0.714341;2554.590576
0.716204;2573.101562
0.718142;2591.697510
0.720077;2609.812256
0.721932;2626.984131
0.723862;2644.893066
0.725711;2662.328369
0.727635;2680.953613
0.729556;2700.229248
0.731399;2719.473389
0.733315;2740.391602
0.735152;2761.384766
0.737064;2784.256836
0.738897;2807.213623
0.740805;2832.206299
0.742711;2858.344971
0.744538;2884.557617
0.746440;2913.064453
0.748265;2941.605713
0.750164;2972.556641
0.751985;3003.402100
0.753881;3036.621094
0.755776;3070.797363
0.757594;3104.300293
0.759486;3139.636963
0.761302;3173.648438
0.763192;3208.758789
0.765082;3243.076904
0.766895;3274.807373
0.768783;3306.097900
0.770594;3333.991943
0.772482;3360.373291
0.774293;3382.763184
0.776179;3402.708740
0.778065;3418.971924
0.779875;3430.989014
0.781761;3439.718506
0.783572;3444.505859
0.785458;3445.886719
0.787268;3443.960449
0.789155;3438.866455
0.791042;3431.003418
0.792854;3421.246094
0.794742;3409.165771
0.796555;3396.060791
0.798445;3381.221436
0.800260;3366.243652
0.802151;3350.297119
0.804043;3334.367188
0.805861;3319.378662
0.807756;3304.335449
0.809576;3290.675781
0.811474;3277.520264
0.813373;3265.677002
0.815197;3255.663086
0.817099;3246.708008
0.818926;3239.538086
0.820831;3233.499512
0.822661;3228.974365
0.824568;3225.440674
0.826477;3222.895996
0.828311;3221.116943
0.830223;3219.654053
0.832060;3218.334961
0.833975;3216.713135
0.835814;3214.569580
0.837731;3211.374512
0.839651;3206.895752
0.841494;3201.161377
0.843416;3193.515137
0.845263;3184.470703
0.847188;3173.259033
0.849037;3160.849365
0.850965;3146.387207
0.852894;3130.651367
0.854747;3114.687744
0.856680;3097.553467
0.858536;3080.997314
0.860471;3064.033691
0.862330;3048.365967
0.864268;3033.021729
0.866207;3018.972168
0.868070;3006.927490
0.870013;2996.071289
0.871879;2987.436523
0.873824;2980.450195
0.875771;2975.589355
0.877641;2972.911621
0.879591;2972.124756
0.881465;2973.191162
0.883417;2976.063477
0.885293;2980.360596
0.887249;2986.258057
0.889206;2993.400635
0.891086;3001.223633
0.893047;3010.157715
0.894930;3019.275146
0.896893;3029.110596
0.898779;3038.658447
0.900745;3048.485840
0.902713;3057.968018
0.904603;3066.541260
0.906574;3074.735107
0.908467;3081.752930
0.910441;3088.064209
0.912337;3093.089355
0.914314;3097.208740
0.916292;3100.220703
0.918192;3102.193604
0.920173;3103.491455
0.922077;3104.232666
0.924061;3104.746338
0.925967;3105.268555
0.927954;3106.149902
0.929943;3107.708252
0.931854;3110.170166
0.933846;3114.075195
0.935759;3119.407715
0.937753;3126.906494
0.939670;3136.228027
0.941668;3148.388428
0.943667;3163.263428
0.945588;3180.251709
0.947590;3200.838867
0.949514;3223.344482
0.951519;3249.515625
0.953446;3277.061523
0.955455;3307.981445
0.957465;3340.771484
0.959398;3373.571533
0.961412;3408.625488
0.963347;3442.627441
0.965366;3477.864258
0.967386;3512.412598
0.969327;3544.536621
0.971352;3576.512451
0.973297;3605.348633
0.975326;3633.036377
0.977357;3658.142334
0.979308;3679.844727
0.981344;3700.016602
0.983300;3717.061279
0.985340;3732.427246
0.987301;3745.008301
0.989346;3756.141602
0.991393;3765.641357
0.993361;3773.517090
0.995414;3780.644043
0.997387;3786.631592
0.999444;3792.116699
1.001505;3796.898682
1.003486;3800.870117
1.005552;3804.418945
1.007538;3807.307861
1.009610;3809.844482
1.011686;3812.041748
1.013680;3814.010254
1.015761;3816.075195
1.017762;3818.210449
1.019849;3820.782471
1.021939;3823.955322
1.023949;3827.822510
1.026045;3832.942139
1.028062;3839.006104
1.030165;3846.448975
1.032272;3854.874756
1.034297;3863.752686
1.036411;3873.707031
1.038443;3883.831787
1.040564;3894.741455
1.042688;3905.571777
1.044730;3915.423828
1.046861;3924.707520
1.048996;3932.597168
1.051049;3938.547119
1.053190;3942.912598
1.055250;3945.432129
1.057400;3946.644531
1.059553;3946.917725
1.061623;3946.776855
1.063784;3946.631348
1.065862;3946.876709
1.068031;3947.995361
1.070203;3950.449463
1.072293;3954.311279
1.074474;3959.913330
1.076659;3967.051025
1.078760;3975.326172
1.080953;3985.417480
1.083151;3996.931396
1.085265;4009.108398
1.087471;4022.573730
1.089682;4036.435303
1.091807;4049.885010
1.094026;4063.944336
1.096160;4077.457520
1.098387;4091.554688
1.100619;4105.678711
1.102764;4119.225586
1.105004;4133.280762
1.107248;4147.305176
1.109406;4160.761230
1.111657;4174.637695
1.113913;4188.046387
1.116083;4200.073730
1.118346;4211.254395
1.120614;4220.547363
1.122794;4227.199707
1.125070;4231.282715
1.127349;4232.118164
1.129540;4229.802734
1.131826;4224.306641
1.134117;4215.868164
1.136319;4205.198730
1.138616;4191.786621
1.140917;4176.689941
1.143129;4161.407715
1.145438;4145.488281
1.147749;4130.137207
1.150064;4115.520996
1.152290;4102.092285
1.154612;4088.654053
1.156937;4075.786865
1.159173;4063.962402
1.161506;4052.056641
1.163842;4040.291992
1.166089;4028.860352
1.168432;4016.724854
1.170778;4004.547607
1.173128;3992.633789
1.175388;3981.692871
1.177744;3971.082764
1.180104;3961.613770
1.182468;3953.602295
1.184740;3947.480713
1.187109;3942.837402
1.189482;3939.895020
1.191763;3938.425049
1.194143;3938.015625
1.196525;3938.498291
1.198910;3939.412109
1.201203;3939.960938
1.203595;3939.414795
1.205990;3937.181885
1.208389;3932.903809
1.210694;3926.747314
1.213098;3918.329834
1.215506;3908.093018
1.217917;3896.324707
1.220235;3884.069824
1.222652;3870.958252
1.225072;3858.120850
1.227398;3846.698486
1.229825;3836.511963
1.232254;3828.724854
1.234685;3823.704590
1.237023;3821.578369
1.239461;3822.051758
1.241901;3825.181396
1.244344;3831.146240
1.246691;3839.664062
1.249139;3851.099121
1.251589;3864.503418
1.254041;3879.526611
1.256397;3895.652100
1.258855;3914.564209
1.261313;3935.613525
1.263774;3958.349854
1.266138;3981.283936
1.268603;4006.057617
1.271070;4031.732666
1.273538;4058.455566
1.275909;4085.210938
1.278380;4114.168945
1.280853;4143.940918
1.283327;4174.300293
1.285704;4204.270996
1.288180;4236.921387
1.290658;4271.090332
1.293137;4306.015137
1.295517;4339.310547
1.297998;4373.031738
1.300479;4405.297363
1.302863;4434.491699
1.305346;4462.482422
1.307829;4487.360352
1.310313;4508.757324
1.312698;4526.011230
1.315183;4540.514160
1.317668;4551.176758
1.320154;4557.697266
1.322540;4560.014160
1.325026;4558.602539
1.327511;4554.039062
1.329897;4547.935059
1.332382;4541.473145
1.334867;4536.507324
1.337352;4533.979492
1.339736;4534.013184
1.342220;4536.447266
1.344703;4541.308105
1.347185;4548.853516
1.349567;4558.649902
1.352048;4570.795410
1.354528;4583.719727
1.356908;4595.911621
1.359385;4607.714844
1.361862;4618.070312
1.364337;4626.621582
1.366712;4633.105957
1.369184;4638.546875
1.371655;4643.668457
1.374026;4649.319336
1.376494;4656.760742
1.378960;4666.426270
1.381424;4678.839355
1.383788;4693.402344
1.386248;4710.758789
1.388707;4729.326172
1.391163;4748.058105
1.393518;4765.515625
1.395969;4782.657227
1.398417;4798.093262
1.400765;4810.481934
1.403207;4819.992188
1.405646;4825.449219
1.408081;4826.655762
1.410417;4823.909180
1.412845;4817.374023
1.415270;4807.979004
1.417594;4797.578613
1.420011;4786.937500
1.422423;4777.999023
1.424832;4771.536133
1.427139;4767.468750
1.429538;4764.729980
1.431932;4762.739258
1.434225;4760.930176
1.436609;4758.768066
1.438988;4756.099121
1.441266;4752.600586
1.443634;4747.074219
1.445996;4738.781738
1.448352;4727.481934
1.450608;4714.183594
1.452952;4698.639160
1.455289;4682.355957
1.457527;4666.555176
1.459851;4650.026367
1.462169;4633.637207
1.464480;4617.799316
1.466691;4603.173828
1.468987;4587.994629
1.471277;4571.992676
1.473467;4555.116699
1.475741;4535.602051
1.478007;4514.335449
1.480175;4492.712402
1.482425;4468.992188
1.484667;4443.650879
1.486900;4416.414551
1.489035;4388.683594
1.491252;4358.686523
1.493459;4328.339355
1.495569;4299.769043
1.497758;4271.431152
1.499938;4245.227051
1.502021;4222.734375
1.504182;4202.509766
1.506333;4185.335449
1.508473;4170.910645
1.510520;4159.897949
1.512640;4151.523926
1.514750;4145.587891
1.516766;4141.058105
1.518855;4136.439941
1.520933;4131.088867
1.522918;4125.121582
1.524974;4118.591797
1.527019;4112.689941
1.529053;4108.638672
1.530994;4107.379883
1.533004;4108.716797
1.535003;4111.856934
1.536910;4115.730957
1.538884;4120.098633
1.540847;4124.514648
1.542720;4128.589844
1.544660;4132.220703
1.546591;4134.860352
1.548434;4136.614746
1.550345;4137.802246
1.552247;4138.005859
1.554140;4136.968750
1.555949;4134.993164
1.557826;4132.111816
1.559695;4128.548340
1.561484;4124.964844
1.563340;4122.108887
1.565190;4121.916504
1.566961;4126.100586
1.568800;4135.911621
1.570635;4150.823730
1.572392;4168.960938
1.574219;4190.336426
1.576042;4211.890137
1.577789;4230.530273
1.579607;4246.798828
1.581422;4260.410156
1.583236;4272.571289
1.584976;4283.542480
1.586788;4294.135254
1.588600;4303.497559
1.590339;4311.114258
1.592151;4317.587891
1.593965;4322.824707
1.595707;4327.070801
1.597523;4330.789062
1.599341;4333.532227
1.601090;4334.887695
1.602915;4334.489258
1.604743;4331.751953
1.606502;4326.588867
1.608338;4318.181152
1.610180;4306.249023
1.611953;4291.387207
1.613806;4272.554199
1.615664;4250.302246
1.617456;4225.475586
1.619328;4195.901367
1.621209;4162.824219
1.623021;4128.390137
1.624918;4090.846191
1.626824;4053.228760
1.628661;4018.695312
1.630586;3985.947998
1.632520;3957.985107
1.634388;3936.639404
1.636344;3920.159180
1.638312;3908.719238
1.640211;3901.810791
1.642204;3898.623535
1.644209;3899.145996
1.646145;3902.604980
1.648177;3909.108154
1.650223;3918.317139
1.652200;3928.739990
1.654275;3940.287842
1.656366;3952.428955
1.658387;3964.606445
1.660510;3977.472900
1.662650;3990.576904
1.664719;4003.667969
1.666893;4017.744873
1.669085;4032.506348
1.671207;4048.206787
1.673437;4066.378174
1.675686;4085.245361
1.677863;4102.666992
1.680152;4118.922363
1.682462;4132.081055
1.684698;4141.310059
1.687050;4147.796387
1.689424;4151.395508
1.691725;4151.771973
1.694145;4148.273438
1.696591;4139.717773
1.698962;4125.684082
1.701460;4105.322266
1.703985;4081.151611
1.706435;4056.562744
1.709017;4031.266846
1.711630;4007.156006
1.714166;3984.464355
1.716841;3959.894043
1.719440;3935.076416
1.722180;3908.631104
1.724956;3882.425293
1.727654;3858.541992
1.730500;3835.803955
1.733384;3814.317627
1.736189;3793.052246
1.739149;3769.368408
1.742151;3744.238525
1.745071;3718.919922
1.748152;3691.748535
1.751279;3664.223389
1.754321;3636.906250
1.757533;3606.407715
1.760792;3573.780762
1.763965;3541.336670
1.767315;3507.193848
1.770715;3473.651611
1.774025;3443.156006
1.777521;3413.538086
1.781071;3385.503418
1.784527;3359.261475
1.788176;3331.457031
1.791733;3303.267090
1.795492;3272.304443
1.799304;3240.655762
1.803020;3210.533447
1.806945;3179.399902
1.810929;3147.078857
1.814810;3113.373291
1.818911;3075.061523
1.823071;3034.437012
1.827126;2994.916260
1.831413;2954.466309
1.835758;2914.389648
1.839988;2875.127197
1.844450;2832.887939
1.848968;2790.109619
1.853357;2750.309326
1.857978;2711.722168
1.862647;2676.368408
1.867175;2644.954102
1.871935;2614.176270
1.876541;2586.344971
1.881383;2559.448730
1.886261;2534.326416
1.890977;2511.009277
1.895923;2487.338867
1.900900;2464.910645
1.905704;2445.476807
1.910737;2428.041016
1.915793;2412.674561
1.920666;2398.413330
1.925764;2383.662842
1.930879;2370.174316
1.935804;2359.955811
1.940948;2352.709961
1.946102;2347.835449
1.951058;2344.202148
1.956228;2341.676514
1.961196;2341.640625
1.966290;2344.757324
