0.000000;0.000000
0.000000;0.004094
0.000000;0.022402
0.000001;0.053254
0.000001;0.091259
0.000003;0.134918
0.000005;0.180439
0.000008;0.221791
0.000011;0.258385
0.000016;0.291814
0.000022;0.325124
0.000030;0.364343
0.000038;0.413188
0.000049;0.467450
0.000061;0.524576
0.000075;0.587801
0.000090;0.659401
0.000108;0.735959
0.000128;0.814678
0.000151;0.897571
0.000176;0.987488
0.000203;1.087769
0.000233;1.199481
0.000266;1.320863
0.000302;1.448092
0.000341;1.580638
0.000383;1.720200
0.000428;1.866802
0.000477;2.018705
0.000529;2.182531
0.000585;2.364868
0.000645;2.560993
0.000708;2.762555
0.000776;2.969610
0.000847;3.183480
0.000923;3.407618
0.001003;3.648277
0.001088;3.908786
0.001177;4.186906
0.001270;4.480278
0.001369;4.789902
0.001472;5.106738
0.001581;5.424614
0.001694;5.748179
0.001813;6.086166
0.001936;6.440316
0.002066;6.814413
0.002201;7.209270
0.002341;7.626024
0.002488;8.064403
0.002640;8.521943
0.002797;8.990336
0.002961;9.468110
0.003131;9.955511
0.003308;10.458240
0.003491;10.978129
0.003680;11.516149
0.003876;12.077662
0.004077;12.664373
0.004286;13.275001
0.004502;13.899684
0.004725;14.536606
0.004955;15.188522
0.005192;15.859466
0.005436;16.552071
0.005687;17.273452
0.005946;18.017238
0.006213;18.781507
0.006487;19.566762
0.006768;20.370089
0.007058;21.188948
0.007354;22.024799
0.007659;22.890044
0.007973;23.781081
0.008294;24.695446
0.008624;25.631348
0.008962;26.587009
0.009307;27.560158
0.009662;28.562361
0.010026;29.589334
0.010398;30.639071
0.010779;31.714546
0.011168;32.820135
0.011567;33.954237
0.011973;35.107376
0.012390;36.286804
0.012815;37.488451
0.013251;38.711046
0.013695;39.953604
0.014149;41.218269
0.014610;42.506048
0.015083;43.834122
0.015565;45.200333
0.016058;46.599918
0.016560;48.024181
0.017071;49.468882
0.017593;50.935190
0.018123;52.418049
0.018665;53.929920
0.019217;55.471029
0.019779;57.047981
0.020352;58.660261
0.020935;60.302841
0.021526;61.965889
0.022130;63.660774
0.022744;65.381886
0.023370;67.132732
0.024006;68.914253
0.024653;70.724678
0.025310;72.565800
0.025976;74.433994
0.026656;76.343224
0.027347;78.282593
0.028049;80.251205
0.028762;82.249466
0.029486;84.276882
0.030222;86.333885
0.030967;88.413380
0.031725;90.532902
0.032495;92.687378
0.033277;94.878757
0.034071;97.103401
0.034876;99.355595
0.035693;101.635712
0.036519;103.939846
0.037359;106.289894
0.038212;108.677410
0.039077;111.102089
0.039954;113.562634
0.040843;116.055420
0.041741;118.566380
0.042654;121.113480
0.043580;123.688690
0.044518;126.298134
0.045469;128.949051
0.046432;131.642624
0.047407;134.374596
0.048396;137.142181
0.049393;139.934525
0.050406;142.772148
0.051433;145.640633
0.052472;148.539276
0.053524;151.471100
0.054589;154.439522
0.055666;157.446602
0.056753;160.480400
0.057857;163.564102
0.058974;166.686615
0.060104;169.847702
0.061247;173.043045
0.062404;176.268494
0.063574;179.526337
0.064753;182.809639
0.065949;186.147964
0.067159;189.528664
0.068383;192.950142
0.069620;196.409653
0.070870;199.904007
0.072135;203.431709
0.073407;206.979362
0.074699;210.576981
0.076004;214.214264
0.077323;217.894814
0.078656;221.617729
0.080003;225.378166
0.081363;229.173058
0.082738;233.004280
0.084121;236.859856
0.085523;240.771324
0.086940;244.723473
0.088371;248.716713
0.089815;252.751541
0.091274;256.827377
0.092747;260.941299
0.094235;265.090042
0.095730;269.257706
0.097246;273.480362
0.098776;277.742554
0.100321;282.043442
0.101880;286.385757
0.103453;290.774277
0.105041;295.210129
0.106644;299.689896
0.108254;304.190674
0.109886;308.743881
0.111532;313.331360
0.113192;317.955978
0.114867;322.620895
0.116557;327.328430
0.118262;332.081528
0.119981;336.881622
0.121709;341.705933
0.123457;346.586716
0.125221;351.503006
0.127000;356.457306
0.128793;361.453812
0.130601;366.495041
0.132424;371.580582
0.134263;376.709305
0.136116;381.880981
0.137976;387.074554
0.139859;392.328751
0.141757;397.621643
0.143670;402.954422
0.145599;408.329269
0.147542;413.746857
0.149500;419.206451
0.151474;424.708267
0.153462;430.253738
0.155466;435.843750
0.157477;441.455139
0.159511;447.129532
0.161561;452.843430
0.163625;458.598557
0.165705;464.398590
0.167800;470.245483
0.169911;476.137451
0.172036;482.071808
0.174177;488.047119
0.176334;494.061478
0.178497;500.088882
0.180684;506.178177
0.182886;512.311066
0.185104;518.493469
0.187338;524.727234
0.189586;531.008911
0.191850;537.333130
0.194130;543.697266
0.196425;550.101440
0.198735;556.545258
0.201052;563.002838
0.203393;569.527771
0.205750;576.098602
0.208122;582.716187
0.210510;589.378906
0.212913;596.085419
0.215332;602.835449
0.217766;609.629089
0.220216;616.465759
0.222682;623.343658
0.225163;630.262146
0.227659;637.223938
0.230161;644.205048
0.232689;651.261139
0.235232;658.362549
0.237791;665.506805
0.240365;672.692413
0.242955;679.918396
0.245560;687.184998
0.248181;694.494110
0.250818;701.848450
0.253470;709.250366
0.256138;716.699921
0.258821;724.193665
0.261520;731.727386
0.264234;739.300812
0.266954;746.887665
0.269699;754.550507
0.272461;762.259857
0.275237;770.015106
0.278030;777.815491
0.280838;785.659119
0.283661;793.543457
0.286500;801.466858
0.289355;809.429932
0.292225;817.435944
0.295111;825.488678
0.298012;833.588440
0.300929;841.733856
0.303861;849.925568
0.306809;858.164581
0.309773;866.448669
0.312752;874.773651
0.315734;883.103912
0.318744;891.505310
0.321770;899.947601
0.324810;908.433929
0.327867;916.966766
0.330939;925.547333
0.334026;934.175964
0.337129;942.850677
0.340247;951.566895
0.343381;960.320862
0.346530;969.113464
0.349694;977.949127
0.352874;986.831268
0.356070;995.760010
0.359280;1004.734131
0.362506;1013.752228
0.365748;1022.812683
0.369005;1031.914185
0.372277;1041.056824
0.375564;1050.241028
0.378867;1059.468750
0.382185;1068.741516
0.385518;1078.058716
0.388866;1087.418030
0.392230;1096.819214
0.395609;1106.264038
0.399003;1115.752869
0.402413;1125.284607
0.405824;1134.821289
0.409263;1144.438110
0.412718;1154.097839
0.416188;1163.802124
0.419673;1173.550415
0.423173;1183.339783
0.426688;1193.168762
0.430218;1203.037964
0.433763;1212.947632
0.437323;1222.897461
0.440898;1232.890808
0.444489;1242.932068
0.448094;1253.022583
0.451714;1263.159119
0.455349;1273.336365
0.458998;1283.550354
0.462663;1293.800354
0.466342;1304.088806
0.470037;1314.417786
0.473746;1324.789612
0.477469;1335.207153
0.481208;1345.671997
0.484961;1356.177307
0.488729;1366.747864
0.492512;1377.582520
0.496309;1385.532104
0.500121;1387.468018
0.503947;1393.460449
0.507788;1405.533813
0.511644;1419.221130
0.515514;1430.355225
0.519398;1440.864075
0.523313;1455.792725
0.527226;1466.208862
0.531154;1472.520874
0.535096;1473.748718
0.539053;1479.505554
0.543024;1488.720154
0.547009;1502.349487
0.551009;1517.692505
0.555022;1529.504639
0.559050;1542.125122
0.563092;1553.686523
0.567148;1562.710083
0.571219;1566.148254
0.575303;1570.030457
0.579401;1577.904846
0.583514;1591.638550
0.587640;1613.788635
0.591780;1634.045837
0.595935;1646.808716
0.600103;1652.207275
0.604285;1661.849915
0.608481;1669.643616
0.612690;1673.161743
0.616914;1678.057678
0.621151;1692.647522
0.625401;1716.957397
0.629682;1738.210571
0.633960;1751.530823
0.638252;1759.983704
0.642557;1766.908997
0.646876;1773.233398
0.651208;1779.689514
0.655554;1788.270874
0.659912;1800.445312
0.664285;1821.620850
0.668670;1844.046143
0.673069;1859.280640
0.677481;1865.114441
0.681907;1871.850586
0.686345;1879.505249
0.690814;1887.723145
0.695279;1900.039551
0.699757;1914.786072
0.704248;1931.897217
0.708752;1951.803955
0.713268;1971.351379
0.717798;1979.369751
0.722341;1980.868286
0.726896;1987.815063
0.731464;1999.722656
0.736045;2012.440674
0.740638;2025.419800
0.745263;2044.580994
0.749882;2064.908325
0.754513;2082.848389
0.759157;2093.779297
0.763813;2097.394897
0.768482;2101.463989
0.773163;2111.347168
0.777857;2127.899414
0.782563;2144.706665
0.787300;2161.998657
0.792030;2179.928833
0.796773;2198.383911
0.801527;2210.369263
0.806294;2213.115601
0.811073;2217.125244
0.815864;2226.817749
0.820667;2244.515747
0.825482;2263.714844
0.830327;2282.384399
0.835166;2298.914429
0.840016;2314.876831
0.844878;2329.795044
0.849752;2335.943726
0.854637;2338.257812
0.859534;2347.059204
0.864461;2365.625732
0.869381;2384.198486
0.874313;2401.964233
0.879256;2420.209595
0.884210;2435.664673
0.889175;2447.800903
0.894152;2457.125977
0.899159;2463.956177
0.904159;2471.089233
0.909169;2485.963013
0.914190;2508.625488
0.919222;2529.795044
0.924266;2546.255981
0.929320;2558.929565
0.934404;2570.967407
0.939480;2580.494995
0.944567;2588.120361
0.949664;2596.128540
0.954772;2612.108154
0.959891;2658.206299
0.965040;2418.347900
0.970180;2356.477783
0.975330;2587.753540
0.980490;2892.650635
0.985661;2729.654175
0.990863;2721.983521
0.996054;2730.587646
1.001256;2718.792847
1.006467;2718.473633
1.011689;2557.164551
1.016941;2488.824219
1.022183;2600.055664
1.027435;2533.724976
1.032697;2787.211670
1.037968;2978.686523
1.043249;2941.977905
1.048561;2795.309326
1.053862;2779.841064
1.059172;2824.998047
1.064492;2659.621704
1.069842;2638.073730
1.075181;2736.314331
1.080529;2546.060059
1.085886;2741.115723
1.091253;2954.758789
1.096650;2852.770508
1.102035;2707.523315
1.107429;3042.630737
1.112833;3016.217773
1.118266;2738.830688
1.123687;2621.489014
1.129117;2825.800903
1.134556;2836.180908
1.140004;2857.488892
1.145482;3016.163330
1.150947;3044.150757
1.156420;2743.611328
1.161902;2755.114258
1.167415;2806.487915
1.172914;2797.612549
1.178421;2678.252808
1.183937;2922.723633
1.189483;3146.972778
1.195015;3111.150757
1.200556;3024.496216
1.206104;2980.533325
1.211682;2896.829956
1.217246;2834.964966
1.222819;2872.619629
1.228421;3004.770874
1.234009;2608.062866
1.239604;2596.259888
1.245207;2836.542969
1.250840;2944.040283
1.256459;3045.523560
1.262085;3206.399536
1.267718;3271.863159
1.273381;2975.631470
1.279029;2912.658691
1.284684;3086.390991
1.290369;2773.885132
1.296039;2521.832520
1.301715;2897.215698
1.307421;3081.966187
1.313112;2631.698730
1.318809;2805.426514
1.324513;2999.746948
1.330247;3141.372437
1.335964;2997.265991
1.341689;3232.686035
1.347442;3078.228271
1.353179;2894.558105
1.358923;2967.833618
1.364696;2947.777344
1.370452;2782.830688
1.376215;2846.368042
1.382007;3151.882446
1.387782;3050.886841
1.393563;2913.504883
1.399373;2812.094727
1.405166;3106.614136
1.410965;2906.915894
1.416793;3161.453125
1.422604;3177.373169
1.428420;3138.338989
1.434264;3117.896973
1.440092;3026.076660
1.445925;3217.715454
1.451786;2951.404907
1.457630;2756.536377
1.463479;2678.203613
1.469356;3081.982910
1.475216;2750.302002
1.481080;2683.311157
1.486973;3180.743286
1.492848;3261.588135
1.498751;2911.986694
1.504635;3094.130859
1.510525;3541.103149
1.516442;3120.200317
1.522340;2767.753418
1.528243;2786.703613
1.534174;2863.214478
1.540087;2948.534180
1.546026;3004.589844
1.551948;2948.817627
1.557873;2949.770386
1.563826;2783.931030
1.569759;3218.700439
1.575720;3291.211060
1.581662;2972.981812
1.587608;3209.684937
1.593581;3375.785400
1.599535;2777.833740
1.605515;2566.624512
1.611476;2985.015869
1.617441;2890.363159
1.623432;2656.296631
1.629404;2865.084595
1.635402;3152.586426
1.641380;3223.158325
1.647362;2836.381226
1.653371;2792.892334
1.659359;3178.178101
1.665374;3049.765381
1.671367;2957.661255
1.677388;3117.425659
1.683389;3090.835693
1.689392;2840.755981
1.695420;2935.312134
1.701429;2809.800415
1.707464;2705.976196
1.713477;2962.863525
1.719517;2928.324951
1.725535;2906.849487
1.731580;2760.759399
1.737603;2781.688843
1.743628;3163.364502
1.749680;3204.207520
1.755710;3039.623047
1.761765;3157.213867
1.767799;3196.211914
1.773858;2746.504517
1.779895;2771.816772
1.785958;2986.493530
1.791999;3002.010010
1.798065;2950.483765
1.804110;2760.358643
1.810179;2555.617432
1.816226;2758.274780
1.822274;2659.218506
1.828348;3028.362549
1.834399;3094.241333
1.840475;2800.461548
1.846528;2925.176025
1.852607;3006.183350
1.858662;2720.015259
1.864742;2614.374634
1.870799;2943.945190
1.876880;2870.698730
1.882939;2587.005249
1.889021;3074.258911
1.895081;3046.670410
1.901165;3070.053223
1.907226;2735.552246
1.913310;2728.673462
1.919372;3057.189453
1.925457;2470.290649
1.931519;2423.008179
1.937604;2885.737549
1.943666;2680.694702
1.949753;2543.677734
1.955814;2688.495483
1.961900;2755.267700
1.967961;2519.645508
1.974046;2602.756104
1.980107;2668.459717
1.986191;2578.808716
1.992250;2742.917114
1.998333;2604.073486
2.004392;2795.921021
2.010473;2802.585449
2.016554;2891.590942
2.022610;3013.062500
2.028689;2468.444946
2.034744;2326.415771
2.040821;2822.520386
2.046873;2733.755615
2.052948;2276.491089
2.058998;2484.263794
2.065070;2546.232544
2.071118;2379.667480
2.077187;2475.169312
2.083232;2460.655029
2.089298;2738.865356
2.095339;2695.865356
2.101403;2618.771240
2.107440;2205.165283
2.113500;2302.252319
2.119534;2415.995239
2.125589;2713.515503
2.131643;2600.287598
2.137671;2423.460449
2.143721;2748.714844
2.149744;2590.806885
2.155789;2278.519165
2.161808;2103.970215
2.167848;2405.651611
2.173862;2385.862671
2.179897;2400.416138
2.185907;2315.882690
2.191937;2245.820557
2.197941;2202.647095
2.203966;2247.000366
2.209963;2389.492310
2.215982;2090.809631
2.221974;2204.901367
2.227987;2433.106689
2.233972;2567.139282
2.239979;2014.505554
2.245958;2217.302612
2.251958;2488.862183
2.257953;2352.092896
2.263922;2285.422607
2.269912;2024.905396
2.275874;1965.561584
2.281856;2228.784424
2.287811;2495.394043
2.293786;2113.180359
2.299734;2007.924927
2.305679;1995.127136
2.311642;1873.455383
2.317578;2005.607727
2.323534;1758.201721
2.329462;1512.221375
2.335409;2015.907349
2.341329;2323.703003
2.347267;2173.782593
2.353178;2157.889526
2.359107;1777.388794
2.365009;1797.655884
2.370906;2131.714966
2.376821;2206.275757
2.382708;1810.931763
2.388615;2049.203674
2.394494;2078.406006
2.400391;1868.156494
2.406261;1779.974426
2.412126;1623.760315
2.418008;1455.821960
2.423863;1670.420593
2.429713;1989.115601
2.435559;1630.486572
2.441423;1487.581177
2.447258;1514.270874
2.453088;1737.574829
2.458913;1997.434143
2.464754;1471.013916
2.470567;1659.747681
2.476374;1950.701660
2.482176;1579.065247
2.487994;1436.630066
2.493783;1639.690247
2.499567;1583.119568
2.505344;1666.873352
2.511138;1809.158813
2.516903;1727.939392
2.522661;1443.189697
2.528415;1552.928284
2.534162;1836.937195
2.539925;1659.307617
2.545659;1785.163330
2.551388;1631.883728
2.557112;1739.012085
2.562829;1201.137268
2.568540;1154.499084
2.574245;1599.662659
2.579946;1701.487000
2.585618;1056.912964
2.591308;1515.259277
2.596992;1573.332031
2.602647;1182.393127
2.608316;1295.903870
2.613979;1381.008179
2.619612;1430.838623
2.625260;1344.468567
2.630901;1475.161560
2.636511;1413.421265
2.642136;1437.945618
2.647732;1274.119690
2.653341;1452.675293
2.658943;1500.721863
2.664515;1313.805908
2.670101;1418.628784
2.675680;1558.535583
2.681228;1286.624023
2.686795;1154.858887
2.692332;1570.960083
2.697864;1396.793091
2.703393;1314.989685
2.708913;1485.839294
2.714426;1359.902893
2.719934;1017.375305
2.725436;1042.523071
2.730930;1107.750732
2.736395;1041.581299
2.741873;1403.467896
2.747342;1243.785645
2.752780;1177.765198
2.758232;1031.088898
2.763674;1245.286499
2.769084;1269.778442
2.774508;1473.729736
2.779924;1388.454712
2.785309;1344.950928
2.790707;1240.636353
2.796094;1122.612366
2.801451;1182.543762
2.806823;1064.905884
2.812165;1055.469147
2.817519;1354.902100
2.822843;1468.303467
2.828178;1097.784790
2.833477;944.118774
2.838789;938.872437
2.844091;923.716156
2.849363;960.251953
2.854646;1110.963257
2.859920;1335.583496
2.865159;879.983093
2.870408;1089.008057
2.875647;1002.711731
2.880876;1184.603516
2.886094;987.357330
2.891303;1122.723328
2.896501;961.859497
2.901669;954.566528
2.906847;1045.286346
2.912014;1225.670288
2.917171;835.166229
2.922319;1018.423370
2.927435;1185.421387
2.932562;1348.716248
2.937677;928.147949
2.942782;928.354858
2.947877;948.745300
2.952957;1050.948303
2.958006;885.560150
2.963064;1107.575500
2.968112;1062.210266
2.973149;1005.183502
2.978175;1021.400085
2.983189;1043.542389
2.988192;695.926575
2.993185;816.981598
2.998166;1112.121948
3.003136;1227.321350
3.008094;928.818054
3.013039;934.260986
3.017973;993.666046
3.022895;903.388550
3.027805;946.297363
3.032704;1075.458557
3.037592;1028.564178
3.042468;639.832855
3.047333;765.953247
3.052185;1050.806152
3.057026;901.294312
3.061855;644.351562
3.066673;1034.767639
3.071476;1032.679688
3.076267;1066.077698
3.081046;1054.598633
3.085814;1038.258362
3.090569;786.361542
3.095312;930.635376
3.100044;836.804199
3.104781;795.893860
3.109488;573.228882
3.114182;745.935699
3.118865;983.884888
3.123535;899.806854
3.128192;683.997742
3.132837;1051.088135
3.137469;1052.205475
3.142088;971.158356
3.146695;895.379639
3.151289;1054.270294
3.155871;842.566071
3.160438;861.474243
3.164992;886.646240
3.169552;779.623840
3.174082;677.341248
3.178598;847.551392
3.183101;934.313416
3.187592;612.160614
3.192068;649.478729
3.196531;838.395081
3.200982;965.381958
3.205436;917.799316
3.209860;766.161194
3.214271;872.490814
3.218668;629.941467
3.223053;614.103180
3.227423;845.389862
3.231797;901.483704
3.236142;738.881866
3.240472;876.294403
3.244790;763.569672
3.249093;822.182068
3.253383;719.026154
3.257659;861.936646
3.261939;722.557434
3.266188;708.772675
3.270424;1043.640381
3.274645;978.967224
3.278852;722.299957
3.283046;523.247192
3.287242;793.821747
3.291408;864.729248
3.295560;748.310364
3.299698;423.128204
3.303823;501.463699
3.307933;705.573334
3.312045;903.064423
3.316127;946.404541
3.320195;617.838409
3.324249;656.394440
3.328289;970.619080
3.332314;1005.578308
3.336341;739.617645
3.340338;636.347626
3.344321;696.354797
3.348290;712.809723
3.352245;699.757019
3.356185;728.340607
3.360126;618.540161
3.364036;566.029022
3.367932;788.221619
3.371814;850.335938
3.375681;921.173981
3.379549;727.938629
3.383388;758.459290
3.387211;481.984283
3.391020;529.918228
3.394815;763.064819
3.398609;736.184174
3.402375;544.097580
3.406125;579.225555
3.409860;903.364624
3.413595;836.305603
3.417300;564.275482
3.420991;684.367889
3.424667;740.511444
3.428328;582.570648
3.431989;595.047150
3.435621;702.007812
3.439238;691.050720
3.442839;546.081268
3.446441;709.520752
3.450012;675.229584
3.453569;553.362366
3.457111;583.358002
3.460638;791.781494
3.464164;629.302185
3.467661;537.119110
3.471142;710.155457
3.474609;873.600525
3.478074;569.858673
3.481510;506.723953
3.484931;853.056641
3.488338;809.625580
3.491729;547.794647
3.495117;621.133606
3.498478;752.991974
3.501824;553.926895
3.505154;545.227783
3.508469;612.606140
3.511781;648.593597
3.515066;500.912186
3.518335;637.798889
3.521588;839.817139
3.524827;663.550415
3.528062;620.252686
3.531270;765.501709
3.534461;792.944275
3.537638;560.839691
3.540800;562.091949
3.543958;790.513458
3.547088;614.542084
3.550203;524.812759
3.553303;620.386871
3.556399;753.756744
3.559467;582.957458
3.562521;631.084747
3.565558;535.811798
3.568580;375.427841
3.571599;372.215988
3.574590;637.894562
3.577566;764.774841
3.580526;550.324310
3.583482;623.177368
3.586411;780.358978
3.589324;734.764313
3.592222;565.848907
3.595115;641.395966
3.597982;618.014893
3.600834;612.016968
3.603670;616.740082
3.606490;697.683197
3.609306;428.332413
3.612095;380.523911
3.614869;491.085907
3.617627;603.523590
3.620380;648.636566
3.623106;770.959656
3.625818;675.100891
3.628513;568.519470
3.631203;666.887848
3.633867;733.290314
3.636516;519.961884
3.639149;426.510727
3.641777;332.261826
3.644379;581.346649
3.646966;593.855682
3.649537;662.563293
3.652102;495.951111
3.654642;430.136703
3.657166;497.982132
3.659675;750.789978
3.662178;694.669769
3.664655;466.347946
3.667118;462.099289
3.669564;676.350464
3.672005;654.591217
3.674420;676.698761
3.676821;482.933456
3.679205;393.422470
3.681583;460.425125
3.683937;725.411041
3.686275;637.109741
3.688598;477.400330
3.690906;434.273590
3.693206;627.189331
3.695483;637.833435
3.697744;620.816803
3.699989;536.940674
3.702229;571.453735
3.704443;520.709198
3.706643;602.222626
3.708827;740.177856
3.711004;464.585266
3.713157;337.092529
3.715296;430.863190
3.717418;645.693451
3.719534;675.061981
3.721627;660.728241
3.723704;547.577942
3.725765;511.017914
3.727820;629.683136
3.729851;740.306854
3.731868;543.026627
3.733869;368.747528
3.735862;442.823898
3.737832;670.789886
3.739788;615.318390
3.741728;436.729401
3.743661;425.213638
3.745571;661.595856
3.747466;414.167618
3.749346;420.159836
3.751219;532.681366
3.753069;687.292358
3.754905;501.223068
3.756725;513.607147
3.758538;503.298019
3.760329;655.986481
3.762104;522.667084
3.763865;482.007233
3.765618;414.675690
3.767350;498.631485
3.769067;657.341309
3.770775;657.782867
3.772463;430.465363
3.774135;326.530746
3.775793;591.914856
3.777443;613.788910
3.779072;464.573013
3.780686;436.847168
3.782286;730.130951
3.783878;656.542633
3.785449;535.041260
3.787006;445.154068
3.788548;478.829742
3.790082;370.378784
3.791595;419.692352
3.793094;518.583282
3.794579;618.835968
3.796056;558.565613
3.797513;549.469635
3.798955;506.952057
3.800384;519.487885
3.801803;551.921021
3.803204;698.964508
3.804590;578.043701
3.805962;465.006180
3.807326;505.732315
3.808671;557.603271
3.810002;350.852478
3.811319;300.239319
3.812627;413.269028
3.813916;630.273651
3.815192;659.783691
3.816459;609.066956
3.817708;498.077408
3.818943;533.222900
3.820165;591.927094
3.821378;540.090790
3.822572;532.561218
3.823754;512.130249
3.824922;573.465759
3.826081;551.729614
3.827223;432.154236
3.828351;359.037262
3.829466;509.767517
3.830573;475.223923
3.831662;484.813416
3.832738;510.910583
3.833801;600.473602
3.834856;597.585083
3.835893;543.667877
3.836918;460.529877
3.837929;568.082611
3.838933;691.438568
3.839919;600.636841
3.840894;406.167419
3.841855;446.544876
3.842808;563.053452
3.843745;512.760422
3.844669;316.488831
3.845581;359.290497
3.846484;545.472839
3.847372;640.188019
3.848247;538.333252
3.849111;538.455566
3.849965;612.824554
3.850805;645.663116
3.851632;567.010590
3.852448;504.614883
3.853255;414.403229
3.854047;502.718933
3.854828;546.898926
3.855597;432.615524
3.856357;409.100052
3.857103;555.253326
3.857838;583.694427
3.858561;425.376282
3.859276;448.444916
3.859977;648.909821
3.860666;707.890717
3.861345;496.384094
3.862015;444.685516
3.862672;535.815430
3.863317;566.195801
3.863952;435.025818
3.864579;449.004425
3.865193;513.846176
3.865796;569.995667
3.866388;585.862610
3.866972;529.995392
3.867544;370.885971
3.868106;448.096069
3.868657;607.731964
3.869200;593.176697
3.869731;513.817520
3.870252;551.244278
3.870763;611.201538
3.871266;529.286346
3.871757;389.697327
3.872239;464.122971
3.872710;561.180267
3.873175;536.393234
3.873628;525.878265
3.874071;493.720154
3.874507;258.621643
3.874933;236.333664
3.875348;471.313644
3.875755;661.335754
3.876155;496.071533
3.876544;575.897186
3.876924;625.235291
3.877295;504.171280
3.877660;412.771103
3.878014;408.629547
3.878360;408.086426
3.878699;434.588974
3.879028;552.181564
3.879349;658.828308
3.879661;483.410339
3.879967;353.720398
3.880264;353.751770
3.880553;482.067398
3.880836;500.904678
3.881109;645.837616
3.881375;600.592987
3.881634;415.857864
3.881886;361.024445
3.882129;564.281433
3.882366;406.304443
3.882596;328.736282
3.882819;444.357422
3.883034;665.166016
3.883243;583.721893
3.883446;496.507751
3.883641;488.847000
3.883830;407.781250
3.884013;385.059128
3.884190;513.648666
3.884359;626.804108
3.884523;496.964539
3.884681;432.459137
3.884833;473.962341
3.884979;471.674362
3.885120;378.385864
3.885255;460.645828
3.885384;451.800369
3.885508;374.247101
3.885626;519.297287
3.885740;701.612762
3.885848;532.766586
3.885952;379.662674
3.886050;480.864807
3.886144;618.926270
3.886233;504.752441
3.886317;467.045944
3.886398;477.083267
3.886473;461.894989
3.886545;358.346725
3.886612;460.556274
3.886676;409.406219
3.886735;352.808899
3.886791;366.926575
3.886843;612.824677
3.886892;636.512878
3.886937;604.250305
3.886980;567.747833
3.887018;517.682251
3.887054;388.649979
3.887087;468.433502
3.887117;552.091492
3.887145;443.494690
3.887169;383.724121
3.887192;474.316284
3.887212;502.765518
3.887230;378.357346
3.887246;337.285065
3.887259;418.521408
3.887271;521.731232
3.887282;587.757843
3.887290;688.848755
3.887298;597.451416
3.887304;401.607574
3.887309;389.439911
3.887312;521.985458
3.887315;519.519226
3.887317;480.614441
3.887319;491.851196
3.887319;489.122421
3.887320;417.628952
3.887320;408.734863
3.887320;372.589371
