t_s	opening_displacement_mm
0.0000014200	-0.0071763932
0.0000016428	-0.0070411007
0.0000018656	-0.0069057990
0.0000020884	-0.0067704792
0.0000023111	-0.0066351322
0.0000025339	-0.0064997488
0.0000027567	-0.0063643200
0.0000029795	-0.0062288366
0.0000032023	-0.0060932897
0.0000034251	-0.0059576701
0.0000036479	-0.0058219687
0.0000038707	-0.0056861764
0.0000040934	-0.0055502842
0.0000043162	-0.0054142830
0.0000045390	-0.0052781637
0.0000047618	-0.0051419172
0.0000049846	-0.0050055344
0.0000052074	-0.0048690063
0.0000054302	-0.0047323236
0.0000056529	-0.0045954775
0.0000058757	-0.0044584587
0.0000060985	-0.0043212582
0.0000063213	-0.0041838670
0.0000065441	-0.0040462758
0.0000067669	-0.0039084757
0.0000069897	-0.0037704575
0.0000072124	-0.0036322122
0.0000074352	-0.0034937307
0.0000076580	-0.0033550039
0.0000078808	-0.0032160226
0.0000081036	-0.0030767779
0.0000083264	-0.0029372607
0.0000085492	-0.0027974618
0.0000087720	-0.0026573721
0.0000089947	-0.0025169827
0.0000092175	-0.0023762843
0.0000094403	-0.0022352680
0.0000096631	-0.0020939245
0.0000098859	-0.0019522449
0.0000101087	-0.0018102201
0.0000103315	-0.0016678409
0.0000105542	-0.0015250984
0.0000107770	-0.0013819833
0.0000109998	-0.0012384866
0.0000112226	-0.0010945993
0.0000114454	-0.0009503122
0.0000116682	-0.0008056162
0.0000118910	-0.0006605024
0.0000121137	-0.0005149615
0.0000123365	-0.0003689845
0.0000125593	-0.0002225623
0.0000127821	-0.0000756859
0.0000130049	0.0000716539
0.0000132277	0.0002194662
0.0000134505	0.0003677599
0.0000136733	0.0005165443
0.0000138960	0.0006658284
0.0000141188	0.0008156212
0.0000143416	0.0009659320
0.0000145644	0.0011167696
0.0000147872	0.0012681434
0.0000150100	0.0014200622
0.0000152328	0.0015725353
0.0000154555	0.0017255716
0.0000156783	0.0018791803
0.0000159011	0.0020333705
0.0000161239	0.0021881513
0.0000163467	0.0023435317
0.0000165695	0.0024995208
0.0000167923	0.0026561277
0.0000170150	0.0028133615
0.0000172378	0.0029712313
0.0000174606	0.0031297461
0.0000176834	0.0032889151
0.0000179062	0.0034487473
0.0000181290	0.0036092519
0.0000183518	0.0037704379
0.0000185746	0.0039323143
0.0000187973	0.0040948903
0.0000190201	0.0042581750
0.0000192429	0.0044221775
0.0000194657	0.0045869067
0.0000196885	0.0047523719
0.0000199113	0.0049185821
0.0000201341	0.0050855464
0.0000203568	0.0052532738
0.0000205796	0.0054217736
0.0000208024	0.0055910546
0.0000210252	0.0057611261
0.0000212480	0.0059319971
0.0000214708	0.0061036767
0.0000216936	0.0062761740
0.0000219163	0.0064494981
0.0000221391	0.0066236580
0.0000223619	0.0067986629
0.0000225847	0.0069745218
0.0000228075	0.0071512438
0.0000230303	0.0073288380
0.0000232531	0.0075073135
0.0000234759	0.0076866793
0.0000236986	0.0078669446
0.0000239214	0.0080481185
0.0000241442	0.0082302100
0.0000243670	0.0084132282
0.0000245898	0.0085971822
0.0000248126	0.0087820810
0.0000250354	0.0089679339
0.0000252581	0.0091547498
0.0000254809	0.0093425378
0.0000257037	0.0095313071
0.0000259265	0.0097210666
0.0000261493	0.0099118256
0.0000263721	0.0101035930
0.0000265949	0.0102963781
0.0000268176	0.0104901897
0.0000270404	0.0106850371
0.0000272632	0.0108809293
0.0000274860	0.0110778755
0.0000277088	0.0112758846
0.0000279316	0.0114749658
0.0000281544	0.0116751281
0.0000283772	0.0118763808
0.0000285999	0.0120787327
0.0000288227	0.0122821931
0.0000290455	0.0124867709
0.0000292683	0.0126924754
0.0000294911	0.0128993155
0.0000297139	0.0131073004
0.0000299367	0.0133164392
0.0000301594	0.0135267408
0.0000303822	0.0137382145
0.0000306050	0.0139508693
0.0000308278	0.0141647143
0.0000310506	0.0143797586
0.0000312734	0.0145960112
0.0000314962	0.0148134813
0.0000317189	0.0150321779
0.0000319417	0.0152521101
0.0000321645	0.0154732870
0.0000323873	0.0156957177
0.0000326101	0.0159194112
0.0000328329	0.0161443768
0.0000330557	0.0163706233
0.0000332785	0.0165981600
0.0000335012	0.0168269959
0.0000337240	0.0170571402
0.0000339468	0.0172886017
0.0000341696	0.0175213898
0.0000343924	0.0177555134
0.0000346152	0.0179909817
0.0000348380	0.0182278037
0.0000350607	0.0184659885
0.0000352835	0.0187055452
0.0000355063	0.0189464828
0.0000357291	0.0191888106
0.0000359519	0.0194325375
0.0000361747	0.0196776726
0.0000363975	0.0199242251
0.0000366203	0.0201722039
0.0000368430	0.0204216183
0.0000370658	0.0206724772
0.0000372886	0.0209247898
0.0000375114	0.0211785652
0.0000377342	0.0214338116
0.0000379570	0.0216905289
0.0000381798	0.0219487118
0.0000384025	0.0222083551
0.0000386253	0.0224694534
0.0000388481	0.0227320014
0.0000390709	0.0229959938
0.0000392937	0.0232614254
0.0000395165	0.0235282907
0.0000397393	0.0237965845
0.0000399620	0.0240663015
0.0000401848	0.0243374363
0.0000404076	0.0246099837
0.0000406304	0.0248839383
0.0000408532	0.0251592949
0.0000410760	0.0254360480
0.0000412988	0.0257141925
0.0000415216	0.0259937230
0.0000417443	0.0262746342
0.0000419671	0.0265569207
0.0000421899	0.0268405774
0.0000424127	0.0271255987
0.0000426355	0.0274119796
0.0000428583	0.0276997146
0.0000430811	0.0279887984
0.0000433038	0.0282792257
0.0000435266	0.0285709913
0.0000437494	0.0288640897
0.0000439722	0.0291585157
0.0000441950	0.0294542641
0.0000444178	0.0297513294
0.0000446406	0.0300497063
0.0000448633	0.0303493896
0.0000450861	0.0306503740
0.0000453089	0.0309526541
0.0000455317	0.0312562246
0.0000457545	0.0315610802
0.0000459773	0.0318672156
0.0000462001	0.0321746255
0.0000464229	0.0324833046
0.0000466456	0.0327932476
0.0000468684	0.0331044491
0.0000470912	0.0334169039
0.0000473140	0.0337306066
0.0000475368	0.0340455520
0.0000477596	0.0343617347
0.0000479824	0.0346791494
0.0000482051	0.0349977908
0.0000484279	0.0353176535
0.0000486507	0.0356387324
0.0000488735	0.0359610221
0.0000490963	0.0362845172
0.0000493191	0.0366092125
0.0000495419	0.0369351026
0.0000497646	0.0372621822
0.0000499874	0.0375904461
0.0000502102	0.0379198889
0.0000504330	0.0382505053
0.0000506558	0.0385822900
0.0000508786	0.0389152377
0.0000511014	0.0392493430
0.0000513242	0.0395846007
0.0000515469	0.0399210055
0.0000517697	0.0402585520
0.0000519925	0.0405972349
0.0000522153	0.0409370490
0.0000524381	0.0412779889
0.0000526609	0.0416200493
0.0000528837	0.0419632249
0.0000531064	0.0423075104
0.0000533292	0.0426529004
0.0000535520	0.0429993897
0.0000537748	0.0433469730
0.0000539976	0.0436956449
0.0000542204	0.0440454002
0.0000544432	0.0443962335
0.0000546659	0.0447481395
0.0000548887	0.0451011129
0.0000551115	0.0454551484
0.0000553343	0.0458102407
0.0000555571	0.0461663844
0.0000557799	0.0465235744
0.0000560027	0.0468818052
0.0000562255	0.0472410715
0.0000564482	0.0476013681
0.0000566710	0.0479626896
0.0000568938	0.0483250307
0.0000571166	0.0486883861
0.0000573394	0.0490527506
0.0000575622	0.0494181187
0.0000577850	0.0497844852
0.0000580077	0.0501518447
0.0000582305	0.0505201920
0.0000584533	0.0508895218
0.0000586761	0.0512598287
0.0000588989	0.0516311074
0.0000591217	0.0520033527
0.0000593445	0.0523765592
0.0000595672	0.0527507215
0.0000597900	0.0531258345
0.0000600128	0.0535018927
0.0000602356	0.0538788909
0.0000604584	0.0542568270
0.0000606812	0.0546357167
0.0000609040	0.0550155820
0.0000611268	0.0553964450
0.0000613495	0.0557783275
0.0000615723	0.0561612517
0.0000617951	0.0565452393
0.0000620179	0.0569303125
0.0000622407	0.0573164933
0.0000624635	0.0577038035
0.0000626863	0.0580922651
0.0000629090	0.0584819002
0.0000631318	0.0588727308
0.0000633546	0.0592647787
0.0000635774	0.0596580661
0.0000638002	0.0600526148
0.0000640230	0.0604484468
0.0000642458	0.0608455842
0.0000644685	0.0612440489
0.0000646913	0.0616438629
0.0000649141	0.0620450481
0.0000651369	0.0624476266
0.0000653597	0.0628516203
0.0000655825	0.0632570512
0.0000658053	0.0636639413
0.0000660281	0.0640723126
0.0000662508	0.0644821870
0.0000664736	0.0648935865
0.0000666964	0.0653065331
0.0000669192	0.0657210489
0.0000671420	0.0661371556
0.0000673648	0.0665548754
0.0000675876	0.0669742303
0.0000678103	0.0673952421
0.0000680331	0.0678179330
0.0000682559	0.0682423247
0.0000684787	0.0686684395
0.0000687015	0.0690962991
0.0000689243	0.0695259257
0.0000691471	0.0699573411
0.0000693698	0.0703905674
0.0000695926	0.0708256265
0.0000698154	0.0712625405
0.0000700382	0.0717013312
0.0000702610	0.0721420207
0.0000704838	0.0725846310
0.0000707066	0.0730291840
0.0000709294	0.0734757018
0.0000711521	0.0739242062
0.0000713749	0.0743747193
0.0000715977	0.0748272631
0.0000718205	0.0752818595
0.0000720433	0.0757385305
0.0000722661	0.0761972982
0.0000724889	0.0766581844
0.0000727116	0.0771212111
0.0000729344	0.0775864004
0.0000731572	0.0780537742
0.0000733800	0.0785233545
0.0000736028	0.0789951633
0.0000738256	0.0794692225
0.0000740484	0.0799455542
0.0000742712	0.0804241802
0.0000744939	0.0809051227
0.0000747167	0.0813884036
0.0000749395	0.0818740447
0.0000751623	0.0823620683
0.0000753851	0.0828524961
0.0000756079	0.0833453502
0.0000758307	0.0838406526
0.0000760534	0.0843384253
0.0000762762	0.0848386902
0.0000764990	0.0853414693
0.0000767218	0.0858467846
0.0000769446	0.0863546580
0.0000771674	0.0868651116
0.0000773902	0.0873781674
0.0000776129	0.0878938472
0.0000778357	0.0884121731
0.0000780585	0.0889331672
0.0000782813	0.0894568512
0.0000785041	0.0899832473
0.0000787269	0.0905123774
0.0000789497	0.0910442635
0.0000791725	0.0915789275
0.0000793952	0.0921163915
0.0000796180	0.0926566774
0.0000798408	0.0931998072
0.0000800636	0.0937458029
0.0000802864	0.0942946865
0.0000805092	0.0948464799
0.0000807320	0.0954012052
0.0000809547	0.0959588803
0.0000811775	0.0965194752
0.0000814003	0.0970829271
0.0000816231	0.0976491726
0.0000818459	0.0982181485
0.0000820687	0.0987897912
0.0000822915	0.0993640376
0.0000825142	0.0999408242
0.0000827370	0.1005200877
0.0000829598	0.1011017647
0.0000831826	0.1016857920
0.0000834054	0.1022721060
0.0000836282	0.1028606436
0.0000838510	0.1034513413
0.0000840738	0.1040441358
0.0000842965	0.1046389637
0.0000845193	0.1052357617
0.0000847421	0.1058344665
0.0000849649	0.1064350146
0.0000851877	0.1070373428
0.0000854105	0.1076413877
0.0000856333	0.1082470859
0.0000858560	0.1088543741
0.0000860788	0.1094631889
0.0000863016	0.1100734670
0.0000865244	0.1106851450
0.0000867472	0.1112981596
0.0000869700	0.1119124475
0.0000871928	0.1125279452
0.0000874155	0.1131445894
0.0000876383	0.1137623169
0.0000878611	0.1143810641
0.0000880839	0.1150007679
0.0000883067	0.1156213648
0.0000885295	0.1162427914
0.0000887523	0.1168649845
0.0000889751	0.1174878806
0.0000891978	0.1181114165
0.0000894206	0.1187355288
0.0000896434	0.1193601540
0.0000898662	0.1199852290
0.0000900890	0.1206106903
0.0000903118	0.1212364745
0.0000905346	0.1218625184
0.0000907573	0.1224887585
0.0000909801	0.1231151316
0.0000912029	0.1237415742
0.0000914257	0.1243680231
0.0000916485	0.1249944148
0.0000918713	0.1256206860
0.0000920941	0.1262467734
0.0000923168	0.1268726137
0.0000925396	0.1274981434
0.0000927624	0.1281232992
0.0000929852	0.1287480178
0.0000932080	0.1293722357
0.0000934308	0.1299958898
0.0000936536	0.1306189166
0.0000938764	0.1312412527
0.0000940991	0.1318628348
0.0000943219	0.1324835997
0.0000945447	0.1331034838
0.0000947675	0.1337224239
0.0000949903	0.1343403565
0.0000952131	0.1349572185
0.0000954359	0.1355729464
0.0000956586	0.1361874768
0.0000958814	0.1368007464
0.0000961042	0.1374126919
0.0000963270	0.1380232499
0.0000965498	0.1386323570
0.0000967726	0.1392399500
0.0000969954	0.1398459654
0.0000972181	0.1404503399
0.0000974409	0.1410530102
0.0000976637	0.1416539129
0.0000978865	0.1422529846
0.0000981093	0.1428501620
0.0000983321	0.1434453818
0.0000985549	0.1440385806
0.0000987777	0.1446296950
0.0000990004	0.1452186617
0.0000992232	0.1458054174
0.0000994460	0.1463898987
0.0000996688	0.1469720422
0.0000998916	0.1475517847
0.0001001144	0.1481290626
0.0001003372	0.1487038128
0.0001005599	0.1492759718
0.0001007827	0.1498454844
0.0001010055	0.1504123696
0.0001012283	0.1509766872
0.0001014511	0.1515384973
0.0001016739	0.1520978599
0.0001018967	0.1526548351
0.0001021194	0.1532094831
0.0001023422	0.1537618638
0.0001025650	0.1543120374
0.0001027878	0.1548600639
0.0001030106	0.1554060034
0.0001032334	0.1559499160
0.0001034562	0.1564918618
0.0001036790	0.1570319008
0.0001039017	0.1575700932
0.0001041245	0.1581064990
0.0001043473	0.1586411782
0.0001045701	0.1591741911
0.0001047929	0.1597055976
0.0001050157	0.1602354578
0.0001052385	0.1607638318
0.0001054612	0.1612907797
0.0001056840	0.1618163616
0.0001059068	0.1623406375
0.0001061296	0.1628636675
0.0001063524	0.1633855118
0.0001065752	0.1639062303
0.0001067980	0.1644258832
0.0001070208	0.1649445305
0.0001072435	0.1654622323
0.0001074663	0.1659790487
0.0001076891	0.1664950399
0.0001079119	0.1670102657
0.0001081347	0.1675247864
0.0001083575	0.1680386620
0.0001085803	0.1685519526
0.0001088030	0.1690647183
0.0001090258	0.1695770192
0.0001092486	0.1700889152
0.0001094714	0.1706004666
0.0001096942	0.1711117334
0.0001099170	0.1716227756
0.0001101398	0.1721336534
0.0001103625	0.1726444268
0.0001105853	0.1731551559
0.0001108081	0.1736659008
0.0001110309	0.1741767215
0.0001112537	0.1746876782
0.0001114765	0.1751988309
0.0001116993	0.1757102398
0.0001119221	0.1762219648
0.0001121448	0.1767340660
0.0001123676	0.1772466036
0.0001125904	0.1777596377
0.0001128132	0.1782732282
0.0001130360	0.1787874353
0.0001132588	0.1793023190
0.0001134816	0.1798179395
0.0001137043	0.1803343568
0.0001139271	0.1808516310
0.0001141499	0.1813698221
0.0001143727	0.1818889903
0.0001145955	0.1824091957
0.0001148183	0.1829304982
0.0001150411	0.1834529581
0.0001152638	0.1839766353
0.0001154866	0.1845015899
0.0001157094	0.1850278821
0.0001159322	0.1855555719
0.0001161550	0.1860847193
0.0001163778	0.1866153846
0.0001166006	0.1871476276
0.0001168234	0.1876815086
0.0001170461	0.1882170876
0.0001172689	0.1887544247
0.0001174917	0.1892935799
0.0001177145	0.1898346134
0.0001179373	0.1903775852
0.0001181601	0.1909225553
0.0001183829	0.1914695840
0.0001186056	0.1920187312
0.0001188284	0.1925700571
0.0001190512	0.1931236216
0.0001192740	0.1936794850
0.0001194968	0.1942377072
0.0001197196	0.1947983483
0.0001199424	0.1953614685
0.0001201651	0.1959271278
0.0001203879	0.1964953863
0.0001206107	0.1970663041
0.0001208335	0.1976399412
0.0001210563	0.1982163577
0.0001212791	0.1987956138
0.0001215019	0.1993777694
0.0001217247	0.1999628847
0.0001219474	0.2005510197
0.0001221702	0.2011422345
0.0001223930	0.2017365893
0.0001226158	0.2023341440
0.0001228386	0.2029349588
0.0001230614	0.2035390937
0.0001232842	0.2041466088
0.0001235069	0.2047575643
0.0001237297	0.2053720201
0.0001239525	0.2059900363
0.0001241753	0.2066116731
0.0001243981	0.2072369905
0.0001246209	0.2078660486
0.0001248437	0.2084989075
0.0001250664	0.2091356272
0.0001252892	0.2097762678
0.0001255120	0.2104208895
0.0001257348	0.2110695522
0.0001259576	0.2117223161
0.0001261804	0.2123792413
0.0001264032	0.2130403877
0.0001266260	0.2137058156
0.0001268487	0.2143755850
0.0001270715	0.2150497559
0.0001272943	0.2157283884
0.0001275171	0.2164115427
0.0001277399	0.2170992593
0.0001279627	0.2177915079
0.0001281855	0.2184882421
0.0001284082	0.2191894157
0.0001286310	0.2198949820
0.0001288538	0.2206048949
0.0001290766	0.2213191079
0.0001292994	0.2220375746
0.0001295222	0.2227602487
0.0001297450	0.2234870837
0.0001299677	0.2242180333
0.0001301905	0.2249530511
0.0001304133	0.2256920907
0.0001306361	0.2264351057
0.0001308589	0.2271820498
0.0001310817	0.2279328766
0.0001313045	0.2286875396
0.0001315273	0.2294459925
0.0001317500	0.2302081890
0.0001319728	0.2309740826
0.0001321956	0.2317436269
0.0001324184	0.2325167756
0.0001326412	0.2332934823
0.0001328640	0.2340737006
0.0001330868	0.2348573841
0.0001333095	0.2356444864
0.0001335323	0.2364349612
0.0001337551	0.2372287621
0.0001339779	0.2380258427
0.0001342007	0.2388261565
0.0001344235	0.2396296573
0.0001346463	0.2404362986
0.0001348690	0.2412460341
0.0001350918	0.2420588174
0.0001353146	0.2428746020
0.0001355374	0.2436933417
0.0001357602	0.2445149900
0.0001359830	0.2453395005
0.0001362058	0.2461668269
0.0001364286	0.2469969228
0.0001366513	0.2478297417
0.0001368741	0.2486652374
0.0001370969	0.2495033634
0.0001373197	0.2503440734
0.0001375425	0.2511873209
0.0001377653	0.2520330596
0.0001379881	0.2528812430
0.0001382108	0.2537318250
0.0001384336	0.2545847589
0.0001386564	0.2554399985
0.0001388792	0.2562974973
0.0001391020	0.2571572091
0.0001393248	0.2580190873
0.0001395476	0.2588830857
0.0001397704	0.2597491578
0.0001399931	0.2606172572
0.0001402159	0.2614873376
0.0001404387	0.2623593526
0.0001406615	0.2632332559
0.0001408843	0.2641090009
0.0001411071	0.2649865414
0.0001413299	0.2658658309
0.0001415526	0.2667468231
0.0001417754	0.2676294716
0.0001419982	0.2685137300
0.0001422210	0.2693995519
0.0001424438	0.2702868910
0.0001426666	0.2711757008
0.0001428894	0.2720659350
0.0001431121	0.2729575472
0.0001433349	0.2738504910
0.0001435577	0.2747447200
0.0001437805	0.2756401879
0.0001440033	0.2765368482
0.0001442261	0.2774346546
0.0001444489	0.2783335608
0.0001446717	0.2792335202
0.0001448944	0.2801344866
0.0001451172	0.2810364135
0.0001453400	0.2819392545
0.0001455628	0.2828429634
0.0001457856	0.2837474937
0.0001460084	0.2846527989
0.0001462312	0.2855588328
0.0001464539	0.2864655490
0.0001466767	0.2873729010
0.0001468995	0.2882808425
0.0001471223	0.2891893272
0.0001473451	0.2900983085
0.0001475679	0.2910077402
0.0001477907	0.2919175758
0.0001480134	0.2928277690
0.0001482362	0.2937382734
0.0001484590	0.2946490426
0.0001486818	0.2955600302
0.0001489046	0.2964711919
0.0001491274	0.2973825009
0.0001493502	0.2982939403
0.0001495730	0.2992054930
0.0001497957	0.3001171419
0.0001500185	0.3010288700
0.0001502413	0.3019406604
0.0001504641	0.3028524959
0.0001506869	0.3037643595
0.0001509097	0.3046762342
0.0001511325	0.3055881031
0.0001513552	0.3064999489
0.0001515780	0.3074117548
0.0001518008	0.3083235036
0.0001520236	0.3092351784
0.0001522464	0.3101467622
0.0001524692	0.3110582378
0.0001526920	0.3119695883
0.0001529147	0.3128807966
0.0001531375	0.3137918458
0.0001533603	0.3147027187
0.0001535831	0.3156133983
0.0001538059	0.3165238677
0.0001540287	0.3174341097
0.0001542515	0.3183441074
0.0001544743	0.3192538438
0.0001546970	0.3201633017
0.0001549198	0.3210724642
0.0001551426	0.3219813142
0.0001553654	0.3228898348
0.0001555882	0.3237980088
0.0001558110	0.3247058192
0.0001560338	0.3256132491
0.0001562565	0.3265202814
0.0001564793	0.3274268990
0.0001567021	0.3283330849
0.0001569249	0.3292388221
0.0001571477	0.3301440936
0.0001573705	0.3310488824
0.0001575933	0.3319531713
0.0001578160	0.3328569435
0.0001580388	0.3337601817
0.0001582616	0.3346628691
0.0001584844	0.3355649886
0.0001587072	0.3364665231
0.0001589300	0.3373674556
0.0001591528	0.3382677692
0.0001593756	0.3391674467
0.0001595983	0.3400664712
0.0001598211	0.3409648255
0.0001600439	0.3418624928
0.0001602667	0.3427594559
0.0001604895	0.3436556978
0.0001607123	0.3445512014
0.0001609351	0.3454459499
0.0001611578	0.3463399261
0.0001613806	0.3472331129
0.0001616034	0.3481254935
0.0001618262	0.3490170506
0.0001620490	0.3499077674
0.0001622718	0.3507976268
0.0001624946	0.3516866117
0.0001627173	0.3525747051
0.0001629401	0.3534618900
0.0001631629	0.3543481494
0.0001633857	0.3552334662
0.0001636085	0.3561178234
0.0001638313	0.3570012040
0.0001640541	0.3578835909
0.0001642769	0.3587649671
0.0001644996	0.3596453156
0.0001647224	0.3605246193
0.0001649452	0.3614028613
0.0001651680	0.3622800244
0.0001653908	0.3631560917
0.0001656136	0.3640310462
0.0001658364	0.3649048707
0.0001660591	0.3657775483
0.0001662819	0.3666490620
0.0001665047	0.3675193946
0.0001667275	0.3683885292
0.0001669503	0.3692564488
0.0001671731	0.3701231363
0.0001673959	0.3709885747
0.0001676186	0.3718527470
0.0001678414	0.3727156360
0.0001680642	0.3735772249
0.0001682870	0.3744374966
0.0001685098	0.3752964339
0.0001687326	0.3761540200
0.0001689554	0.3770102378
0.0001691782	0.3778650702
0.0001694009	0.3787185003
0.0001696237	0.3795705109
0.0001698465	0.3804210851
0.0001700693	0.3812702059
0.0001702921	0.3821178561
0.0001705149	0.3829640188
0.0001707377	0.3838086769
0.0001709604	0.3846518135
0.0001711832	0.3854934114
0.0001714060	0.3863334537
0.0001716288	0.3871719367
0.0001718516	0.3880088899
0.0001720744	0.3888443479
0.0001722972	0.3896783450
0.0001725199	0.3905109159
0.0001727427	0.3913420950
0.0001729655	0.3921719170
0.0001731883	0.3930004163
0.0001734111	0.3938276274
0.0001736339	0.3946535848
0.0001738567	0.3954783232
0.0001740795	0.3963018770
0.0001743022	0.3971242807
0.0001745250	0.3979455688
0.0001747478	0.3987657760
0.0001749706	0.3995849366
0.0001751934	0.4004030853
0.0001754162	0.4012202565
0.0001756390	0.4020364847
0.0001758617	0.4028518046
0.0001760845	0.4036662506
0.0001763073	0.4044798573
0.0001765301	0.4052926591
0.0001767529	0.4061046905
0.0001769757	0.4069159862
0.0001771985	0.4077265807
0.0001774213	0.4085365084
0.0001776440	0.4093458038
0.0001778668	0.4101545016
0.0001780896	0.4109626362
0.0001783124	0.4117702421
0.0001785352	0.4125773540
0.0001787580	0.4133840062
0.0001789808	0.4141902333
0.0001792035	0.4149960699
0.0001794263	0.4158015504
0.0001796491	0.4166067094
0.0001798719	0.4174115815
0.0001800947	0.4182162011
0.0001803175	0.4190206027
0.0001805403	0.4198248209
0.0001807630	0.4206288902
0.0001809858	0.4214328451
0.0001812086	0.4222367202
0.0001814314	0.4230405500
0.0001816542	0.4238443690
0.0001818770	0.4246482116
0.0001820998	0.4254521126
0.0001823226	0.4262561062
0.0001825453	0.4270602272
0.0001827681	0.4278645100
0.0001829909	0.4286689891
0.0001832137	0.4294736991
0.0001834365	0.4302786744
0.0001836593	0.4310839497
0.0001838821	0.4318895594
0.0001841048	0.4326955380
0.0001843276	0.4335019202
0.0001845504	0.4343087403
0.0001847732	0.4351160329
0.0001849960	0.4359238326
0.0001852188	0.4367321738
0.0001854416	0.4375410911
0.0001856643	0.4383506191
0.0001858871	0.4391607922
0.0001861099	0.4399716449
0.0001863327	0.4407832118
0.0001865555	0.4415955274
0.0001867783	0.4424086263
0.0001870011	0.4432225429
0.0001872239	0.4440373117
0.0001874466	0.4448529674
0.0001876694	0.4456695444
0.0001878922	0.4464870772
0.0001881150	0.4473056004
0.0001883378	0.4481251485
0.0001885606	0.4489457560
0.0001887834	0.4497674575
0.0001890061	0.4505902874
0.0001892289	0.4514142803
0.0001894517	0.4522394707
0.0001896745	0.4530658931
0.0001898973	0.4538935820
0.0001901201	0.4547225721
0.0001903429	0.4555528977
0.0001905656	0.4563845935
0.0001907884	0.4572176939
0.0001910112	0.4580522335
0.0001912340	0.4588882467
0.0001914568	0.4597257682
0.0001916796	0.4605648324
0.0001919024	0.4614054739
0.0001921252	0.4622477271
0.0001923479	0.4630916267
0.0001925707	0.4639372071
0.0001927935	0.4647845028
0.0001930163	0.4656335485
0.0001932391	0.4664843785
0.0001934619	0.4673370274
0.0001936847	0.4681915298
0.0001939074	0.4690479202
0.0001941302	0.4699062330
0.0001943530	0.4707665029
0.0001945758	0.4716287643
0.0001947986	0.4724930517
0.0001950214	0.4733593998
0.0001952442	0.4742278429
0.0001954669	0.4750984157
0.0001956897	0.4759711526
0.0001959125	0.4768460882
0.0001961353	0.4777232570
0.0001963581	0.4786026935
0.0001965809	0.4794844323
0.0001968037	0.4803685079
0.0001970265	0.4812549547
0.0001972492	0.4821438073
0.0001974720	0.4830351003
0.0001976948	0.4839288682
0.0001979176	0.4848251454
0.0001981404	0.4857239665
0.0001983632	0.4866253651
0.0001985860	0.4875293571
0.0001988087	0.4884359431
0.0001990315	0.4893451232
0.0001992543	0.4902568974
0.0001994771	0.4911712659
0.0001996999	0.4920882286
0.0001999227	0.4930077858
0.0002001455	0.4939299375
0.0002003682	0.4948546837
0.0002005910	0.4957820246
0.0002008138	0.4967119602
0.0002010366	0.4976444906
0.0002012594	0.4985796158
0.0002014822	0.4995173361
0.0002017050	0.5004576514
0.0002019278	0.5014005618
0.0002021505	0.5023460675
0.0002023733	0.5032941684
0.0002025961	0.5042448648
0.0002028189	0.5051981565
0.0002030417	0.5061540439
0.0002032645	0.5071125268
0.0002034873	0.5080736054
0.0002037100	0.5090372799
0.0002039328	0.5100035502
0.0002041556	0.5109724164
0.0002043784	0.5119438787
0.0002046012	0.5129179370
0.0002048240	0.5138945916
0.0002050468	0.5148738424
0.0002052695	0.5158556896
0.0002054923	0.5168401332
0.0002057151	0.5178271734
0.0002059379	0.5188168101
0.0002061607	0.5198090435
0.0002063835	0.5208038737
0.0002066063	0.5218013007
0.0002068291	0.5228013246
0.0002070518	0.5238039456
0.0002072746	0.5248091636
0.0002074974	0.5258169788
0.0002077202	0.5268273912
0.0002079430	0.5278404010
0.0002081658	0.5288560081
0.0002083886	0.5298742128
0.0002086113	0.5308950150
0.0002088341	0.5319184149
0.0002090569	0.5329444126
0.0002092797	0.5339730080
0.0002095025	0.5350042013
0.0002097253	0.5360379927
0.0002099481	0.5370743821
0.0002101709	0.5381133696
0.0002103936	0.5391549553
0.0002106164	0.5401991394
0.0002108392	0.5412459218
0.0002110620	0.5422953027
0.0002112848	0.5433472822
0.0002115076	0.5444018603
0.0002117304	0.5454590371
0.0002119531	0.5465188127
0.0002121759	0.5475811872
0.0002123987	0.5486461606
0.0002126215	0.5497137331
0.0002128443	0.5507839047
0.0002130671	0.5518566754
0.0002132899	0.5529320455
0.0002135126	0.5540100149
0.0002137354	0.5550905838
0.0002139582	0.5561737522
0.0002141810	0.5572595202
0.0002144038	0.5583478879
0.0002146266	0.5594388554
0.0002148494	0.5605324227
0.0002150722	0.5616285899
0.0002152949	0.5627273572
0.0002155177	0.5638287246
0.0002157405	0.5649326921
0.0002159633	0.5660392599
0.0002161861	0.5671484280
0.0002164089	0.5682601966
0.0002166317	0.5693745656
0.0002168544	0.5704915353
0.0002170772	0.5716111056
0.0002173000	0.5727332766
0.0002175228	0.5738580485
0.0002177456	0.5749854213
0.0002179684	0.5761153951
0.0002181912	0.5772479699
0.0002184139	0.5783831459
0.0002186367	0.5795209231
0.0002188595	0.5806613017
0.0002190823	0.5818042816
0.0002193051	0.5829498631
0.0002195279	0.5840980460
0.0002197507	0.5852488307
0.0002199735	0.5864022170
0.0002201962	0.5875582052
0.0002204190	0.5887167952
0.0002206418	0.5898779872
0.0002208646	0.5910417813
0.0002210874	0.5922081774
0.0002213102	0.5933771758
0.0002215330	0.5945487765
0.0002217557	0.5957229745
0.0002219785	0.5968997357
0.0002222013	0.5980790155
0.0002224241	0.5992607694
0.0002226469	0.6004449527
0.0002228697	0.6016315208
0.0002230925	0.6028204292
0.0002233152	0.6040116332
0.0002235380	0.6052050883
0.0002237608	0.6064007499
0.0002239836	0.6075985735
0.0002242064	0.6087985143
0.0002244292	0.6100005278
0.0002246520	0.6112045695
0.0002248748	0.6124105947
0.0002250975	0.6136185588
0.0002253203	0.6148284173
0.0002255431	0.6160401256
0.0002257659	0.6172536391
0.0002259887	0.6184689131
0.0002262115	0.6196859032
0.0002264343	0.6209045646
0.0002266570	0.6221248529
0.0002268798	0.6233467234
0.0002271026	0.6245701316
0.0002273254	0.6257950328
0.0002275482	0.6270213824
0.0002277710	0.6282491360
0.0002279938	0.6294782488
0.0002282165	0.6307086763
0.0002284393	0.6319403739
0.0002286621	0.6331732970
0.0002288849	0.6344074010
0.0002291077	0.6356426414
0.0002293305	0.6368789735
0.0002295533	0.6381163527
0.0002297761	0.6393547346
0.0002299988	0.6405940744
0.0002302216	0.6418343275
0.0002304444	0.6430754495
0.0002306672	0.6443173957
0.0002308900	0.6455601215
0.0002311128	0.6468035823
0.0002313356	0.6480477335
0.0002315583	0.6492925306
0.0002317811	0.6505379290
0.0002320039	0.6517838840
0.0002322267	0.6530303510
0.0002324495	0.6542772856
0.0002326723	0.6555246431
0.0002328951	0.6567723788
0.0002331178	0.6580204483
0.0002333406	0.6592688069
0.0002335634	0.6605174100
0.0002337862	0.6617662131
0.0002340090	0.6630151716
0.0002342318	0.6642642408
0.0002344546	0.6655133762
0.0002346774	0.6667625331
0.0002349001	0.6680116671
0.0002351229	0.6692607335
0.0002353457	0.6705096876
0.0002355685	0.6717584851
0.0002357913	0.6730070811
0.0002360141	0.6742554312
0.0002362369	0.6755034908
0.0002364596	0.6767512152
0.0002366824	0.6779985599
0.0002369052	0.6792454803
0.0002371280	0.6804919318
0.0002373508	0.6817378698
0.0002375736	0.6829832497
0.0002377964	0.6842280269
0.0002380191	0.6854721569
0.0002382419	0.6867155950
0.0002384647	0.6879582967
0.0002386875	0.6892002174
0.0002389103	0.6904413124
0.0002391331	0.6916815373
0.0002393559	0.6929208473
0.0002395787	0.6941591979
0.0002398014	0.6953965446
0.0002400242	0.6966328427
0.0002402470	0.6978680476
0.0002404698	0.6991021148
0.0002406926	0.7003349996
0.0002409154	0.7015666575
0.0002411382	0.7027970439
0.0002413609	0.7040261142
0.0002415837	0.7052538238
0.0002418065	0.7064801281
0.0002420293	0.7077049825
0.0002422521	0.7089283425
0.0002424749	0.7101501634
0.0002426977	0.7113704006
0.0002429205	0.7125890130
0.0002431432	0.7138059965
0.0002433660	0.7150213709
0.0002435888	0.7162351562
0.0002438116	0.7174473726
0.0002440344	0.7186580400
0.0002442572	0.7198671784
0.0002444800	0.7210748080
0.0002447027	0.7222809489
0.0002449255	0.7234856210
0.0002451483	0.7246888444
0.0002453711	0.7258906391
0.0002455939	0.7270910253
0.0002458167	0.7282900229
0.0002460395	0.7294876521
0.0002462622	0.7306839329
0.0002464850	0.7318788853
0.0002467078	0.7330725294
0.0002469306	0.7342648852
0.0002471534	0.7354559728
0.0002473762	0.7366458123
0.0002475990	0.7378344236
0.0002478218	0.7390218270
0.0002480445	0.7402080423
0.0002482673	0.7413930897
0.0002484901	0.7425769892
0.0002487129	0.7437597609
0.0002489357	0.7449414249
0.0002491585	0.7461220011
0.0002493813	0.7473015096
0.0002496040	0.7484799705
0.0002498268	0.7496574039
0.0002500496	0.7508338297
0.0002502724	0.7520092681
0.0002504952	0.7531837391
0.0002507180	0.7543572628
0.0002509408	0.7555298592
0.0002511635	0.7567015483
0.0002513863	0.7578723503
0.0002516091	0.7590422851
0.0002518319	0.7602113728
0.0002520547	0.7613796336
0.0002522775	0.7625470873
0.0002525003	0.7637137542
0.0002527231	0.7648796542
0.0002529458	0.7660448073
0.0002531686	0.7672092338
0.0002533914	0.7683729535
0.0002536142	0.7695359866
0.0002538370	0.7706983531
0.0002540598	0.7718600730
0.0002542826	0.7730211665
0.0002545053	0.7741816536
0.0002547281	0.7753415542
0.0002549509	0.7765008886
0.0002551737	0.7776596766
0.0002553965	0.7788179385
0.0002556193	0.7799756942
0.0002558421	0.7811329638
0.0002560648	0.7822897673
0.0002562876	0.7834461249
0.0002565104	0.7846020565
0.0002567332	0.7857575822
0.0002569560	0.7869127221
0.0002571788	0.7880674961
0.0002574016	0.7892219245
0.0002576244	0.7903760272
0.0002578471	0.7915298242
0.0002580699	0.7926833357
0.0002582927	0.7938365817
0.0002585155	0.7949895822
0.0002587383	0.7961423573
0.0002589611	0.7972949270
0.0002591839	0.7984473115
0.0002594066	0.7995995306
0.0002596294	0.8007516046
0.0002598522	0.8019035535
0.0002600750	0.8030553973
0.0002602978	0.8042071560
0.0002605206	0.8053588498
0.0002607434	0.8065104987
0.0002609661	0.8076621226
0.0002611889	0.8088137418
0.0002614117	0.8099653762
0.0002616345	0.8111170459
0.0002618573	0.8122687709
0.0002620801	0.8134205713
0.0002623029	0.8145724672
0.0002625257	0.8157244786
0.0002627484	0.8168766256
0.0002629712	0.8180289281
0.0002631940	0.8191814064
0.0002634168	0.8203340803
0.0002636396	0.8214869700
0.0002638624	0.8226400956
0.0002640852	0.8237934770
0.0002643079	0.8249471344
0.0002645307	0.8261010878
0.0002647535	0.8272553572
0.0002649763	0.8284099627
0.0002651991	0.8295649244
0.0002654219	0.8307202622
0.0002656447	0.8318759964
0.0002658674	0.8330321468
0.0002660902	0.8341887336
0.0002663130	0.8353457768
0.0002665358	0.8365032965
0.0002667586	0.8376613128
0.0002669814	0.8388198438
0.0002672042	0.8399788954
0.0002674270	0.8411384679
0.0002676497	0.8422985617
0.0002678725	0.8434591770
0.0002680953	0.8446203143
0.0002683181	0.8457819738
0.0002685409	0.8469441560
0.0002687637	0.8481068610
0.0002689865	0.8492700893
0.0002692092	0.8504338413
0.0002694320	0.8515981171
0.0002696548	0.8527629173
0.0002698776	0.8539282420
0.0002701004	0.8550940917
0.0002703232	0.8562604666
0.0002705460	0.8574273672
0.0002707687	0.8585947937
0.0002709915	0.8597627465
0.0002712143	0.8609312259
0.0002714371	0.8621002322
0.0002716599	0.8632697659
0.0002718827	0.8644398271
0.0002721055	0.8656104163
0.0002723283	0.8667815339
0.0002725510	0.8679531800
0.0002727738	0.8691253551
0.0002729966	0.8702980595
0.0002732194	0.8714712936
0.0002734422	0.8726450576
0.0002736650	0.8738193519
0.0002738878	0.8749941769
0.0002741105	0.8761695328
0.0002743333	0.8773454200
0.0002745561	0.8785218389
0.0002747789	0.8796987898
0.0002750017	0.8808762730
0.0002752245	0.8820542888
0.0002754473	0.8832328376
0.0002756701	0.8844119198
0.0002758928	0.8855915356
0.0002761156	0.8867716854
0.0002763384	0.8879523695
0.0002765612	0.8891335883
0.0002767840	0.8903153421
0.0002770068	0.8914976312
0.0002772296	0.8926804560
0.0002774523	0.8938638168
0.0002776751	0.8950477139
0.0002778979	0.8962321478
0.0002781207	0.8974171186
0.0002783435	0.8986026267
0.0002785663	0.8997886726
0.0002787891	0.9009752565
0.0002790118	0.9021623787
0.0002792346	0.9033500396
0.0002794574	0.9045382395
0.0002796802	0.9057269788
0.0002799030	0.9069162578
0.0002801258	0.9081060768
0.0002803486	0.9092964361
0.0002805714	0.9104873362
0.0002807941	0.9116787773
0.0002810169	0.9128707597
0.0002812397	0.9140632839
0.0002814625	0.9152563501
0.0002816853	0.9164499587
0.0002819081	0.9176441100
0.0002821309	0.9188388043
0.0002823536	0.9200340421
0.0002825764	0.9212298235
0.0002827992	0.9224261490
0.0002830220	0.9236230189
0.0002832448	0.9248204335
0.0002834676	0.9260183931
0.0002836904	0.9272168981
0.0002839131	0.9284159489
0.0002841359	0.9296155458
0.0002843587	0.9308156890
0.0002845815	0.9320163789
0.0002848043	0.9332176160
0.0002850271	0.9344194004
0.0002852499	0.9356217326
0.0002854727	0.9368246128
0.0002856954	0.9380280415
0.0002859182	0.9392320189
0.0002861410	0.9404365454
0.0002863638	0.9416416213
0.0002865866	0.9428472469
0.0002868094	0.9440534227
0.0002870322	0.9452601488
0.0002872549	0.9464674258
0.0002874777	0.9476752538
0.0002877005	0.9488836332
0.0002879233	0.9500925644
0.0002881461	0.9513020477
0.0002883689	0.9525120834
0.0002885917	0.9537226719
0.0002888144	0.9549338135
0.0002890372	0.9561455086
0.0002892600	0.9573577574
0.0002894828	0.9585705603
0.0002897056	0.9597839177
0.0002899284	0.9609978298
0.0002901512	0.9622122971
0.0002903740	0.9634273198
0.0002905967	0.9646428983
0.0002908195	0.9658590329
0.0002910423	0.9670757240
0.0002912651	0.9682929718
0.0002914879	0.9695107768
0.0002917107	0.9707291393
0.0002919335	0.9719480595
0.0002921562	0.9731675379
0.0002923790	0.9743875752
0.0002926018	0.9756081774
0.0002928246	0.9768293537
0.0002930474	0.9780511136
0.0002932702	0.9792734663
0.0002934930	0.9804964212
0.0002937157	0.9817199876
0.0002939385	0.9829441749
0.0002941613	0.9841689924
0.0002943841	0.9853944494
0.0002946069	0.9866205553
0.0002948297	0.9878473195
0.0002950525	0.9890747512
0.0002952753	0.9903028598
0.0002954980	0.9915316547
0.0002957208	0.9927611452
0.0002959436	0.9939913406
0.0002961664	0.9952222502
0.0002963892	0.9964538835
0.0002966120	0.9976862497
0.0002968348	0.9989193582
0.0002970575	1.0001532183
0.0002972803	1.0013878394
0.0002975031	1.0026232308
0.0002977259	1.0038594019
0.0002979487	1.0050963619
0.0002981715	1.0063341203
0.0002983943	1.0075726863
0.0002986170	1.0088120693
0.0002988398	1.0100522787
0.0002990626	1.0112933238
0.0002992854	1.0125352139
0.0002995082	1.0137779584
0.0002997310	1.0150215666
0.0002999538	1.0162660478
0.0003001766	1.0175114114
0.0003003993	1.0187576668
0.0003006221	1.0200048232
0.0003008449	1.0212528900
0.0003010677	1.0225018766
0.0003012905	1.0237517922
0.0003015133	1.0250026463
0.0003017361	1.0262544482
0.0003019588	1.0275072071
0.0003021816	1.0287609326
0.0003024044	1.0300156338
0.0003026272	1.0312713201
0.0003028500	1.0325280009
0.0003030728	1.0337856855
0.0003032956	1.0350443833
0.0003035183	1.0363041035
0.0003037411	1.0375648556
0.0003039639	1.0388266489
0.0003041867	1.0400894926
0.0003044095	1.0413533962
0.0003046323	1.0426183690
0.0003048551	1.0438844203
0.0003050779	1.0451515595
0.0003053006	1.0464197959
0.0003055234	1.0476891389
0.0003057462	1.0489595977
0.0003059690	1.0502311818
0.0003061918	1.0515039005
0.0003064146	1.0527777630
0.0003066374	1.0540527788
0.0003068601	1.0553289572
0.0003070829	1.0566063075
0.0003073057	1.0578848391
0.0003075285	1.0591645613
0.0003077513	1.0604454835
0.0003079741	1.0617276149
0.0003081969	1.0630109650
0.0003084196	1.0642955430
0.0003086424	1.0655813584
0.0003088652	1.0668684204
0.0003090880	1.0681567384
0.0003093108	1.0694463217
0.0003095336	1.0707371797
0.0003097564	1.0720293217
0.0003099792	1.0733227571
0.0003102019	1.0746174951
0.0003104247	1.0759135452
0.0003106475	1.0772109166
0.0003108703	1.0785096188
0.0003110931	1.0798096610
0.0003113159	1.0811110526
0.0003115387	1.0824138029
0.0003117614	1.0837179213
0.0003119842	1.0850234171
0.0003122070	1.0863302997
0.0003124298	1.0876385784
0.0003126526	1.0889482624
0.0003128754	1.0902593613
0.0003130982	1.0915718843
0.0003133210	1.0928858407
0.0003135437	1.0942012399
0.0003137665	1.0955180912
0.0003139893	1.0968364040
0.0003142121	1.0981561877
0.0003144349	1.0994774514
0.0003146577	1.1008002047
0.0003148805	1.1021244568
0.0003151032	1.1034502171
0.0003153260	1.1047774949
0.0003155488	1.1061062995
0.0003157716	1.1074366403
0.0003159944	1.1087685267
0.0003162172	1.1101019679
0.0003164400	1.1114369733
0.0003166627	1.1127735523
0.0003168855	1.1141117142
0.0003171083	1.1154514683
0.0003173311	1.1167928240
0.0003175539	1.1181357906
0.0003177767	1.1194803770
0.0003179995	1.1208265849
0.0003182223	1.1221744095
0.0003184450	1.1235238463
0.0003186678	1.1248748905
0.0003188906	1.1262275373
0.0003191134	1.1275817820
0.0003193362	1.1289376199
0.0003195590	1.1302950462
0.0003197818	1.1316540563
0.0003200045	1.1330146452
0.0003202273	1.1343768084
0.0003204501	1.1357405411
0.0003206729	1.1371058386
0.0003208957	1.1384726961
0.0003211185	1.1398411088
0.0003213413	1.1412110721
0.0003215640	1.1425825812
0.0003217868	1.1439556314
0.0003220096	1.1453302179
0.0003222324	1.1467063360
0.0003224552	1.1480839809
0.0003226780	1.1494631480
0.0003229008	1.1508438325
0.0003231236	1.1522260296
0.0003233463	1.1536097347
0.0003235691	1.1549949429
0.0003237919	1.1563816496
0.0003240147	1.1577698500
0.0003242375	1.1591595393
0.0003244603	1.1605507129
0.0003246831	1.1619433660
0.0003249058	1.1633374938
0.0003251286	1.1647330917
0.0003253514	1.1661301549
0.0003255742	1.1675286786
0.0003257970	1.1689286581
0.0003260198	1.1703300888
0.0003262426	1.1717329657
0.0003264653	1.1731372843
0.0003266881	1.1745430398
0.0003269109	1.1759502273
0.0003271337	1.1773588423
0.0003273565	1.1787688800
0.0003275793	1.1801803355
0.0003278021	1.1815932043
0.0003280249	1.1830074815
0.0003282476	1.1844231625
0.0003284704	1.1858402424
0.0003286932	1.1872587166
0.0003289160	1.1886785802
0.0003291388	1.1900998287
0.0003293616	1.1915224572
0.0003295844	1.1929464610
0.0003298071	1.1943718353
0.0003300299	1.1957985755
0.0003302527	1.1972266768
0.0003304755	1.1986561344
0.0003306983	1.2000869436
0.0003309211	1.2015190997
0.0003311439	1.2029525980
0.0003313666	1.2043874337
0.0003315894	1.2058236021
0.0003318122	1.2072610984
0.0003320350	1.2086999178
0.0003322578	1.2101400558
0.0003324806	1.2115815075
0.0003327034	1.2130242682
0.0003329262	1.2144683331
0.0003331489	1.2159136976
0.0003333717	1.2173603568
0.0003335945	1.2188083061
0.0003338173	1.2202575407
0.0003340401	1.2217080559
0.0003342629	1.2231598469
0.0003344857	1.2246129090
0.0003347084	1.2260672375
0.0003349312	1.2275228276
0.0003351540	1.2289796746
0.0003353768	1.2304377737
0.0003355996	1.2318971203
0.0003358224	1.2333577096
0.0003360452	1.2348195368
0.0003362679	1.2362825972
0.0003364907	1.2377468861
0.0003367135	1.2392123987
0.0003369363	1.2406791304
0.0003371591	1.2421470763
0.0003373819	1.2436162317
0.0003376047	1.2450865919
0.0003378275	1.2465581522
0.0003380502	1.2480309078
0.0003382730	1.2495048540
0.0003384958	1.2509799860
0.0003387186	1.2524562992
0.0003389414	1.2539337887
0.0003391642	1.2554124499
0.0003393870	1.2568922779
0.0003396097	1.2583732682
0.0003398325	1.2598554158
0.0003400553	1.2613387162
0.0003402781	1.2628231645
0.0003405009	1.2643087560
0.0003407237	1.2657954861
0.0003409465	1.2672833498
0.0003411692	1.2687723426
0.0003413920	1.2702624597
0.0003416148	1.2717536963
0.0003418376	1.2732460466
0.0003420604	1.2747394967
0.0003422832	1.2762340291
0.0003425060	1.2777296260
0.0003427288	1.2792262700
0.0003429515	1.2807239435
0.0003431743	1.2822226288
0.0003433971	1.2837223083
0.0003436199	1.2852229645
0.0003438427	1.2867245798
0.0003440655	1.2882271365
0.0003442883	1.2897306171
0.0003445110	1.2912350040
0.0003447338	1.2927402795
0.0003449566	1.2942464262
0.0003451794	1.2957534263
0.0003454022	1.2972612623
0.0003456250	1.2987699167
0.0003458478	1.3002793718
0.0003460706	1.3017896100
0.0003462933	1.3033006137
0.0003465161	1.3048123653
0.0003467389	1.3063248473
0.0003469617	1.3078380420
0.0003471845	1.3093519318
0.0003474073	1.3108664992
0.0003476301	1.3123817266
0.0003478528	1.3138975963
0.0003480756	1.3154140908
0.0003482984	1.3169311925
0.0003485212	1.3184488838
0.0003487440	1.3199671470
0.0003489668	1.3214859646
0.0003491896	1.3230053191
0.0003494123	1.3245251927
0.0003496351	1.3260455679
0.0003498579	1.3275664272
0.0003500807	1.3290877529
0.0003503035	1.3306095274
0.0003505263	1.3321317331
0.0003507491	1.3336543525
0.0003509719	1.3351773679
0.0003511946	1.3367007617
0.0003514174	1.3382245164
0.0003516402	1.3397486144
0.0003518630	1.3412730380
0.0003520858	1.3427977697
0.0003523086	1.3443227919
0.0003525314	1.3458480869
0.0003527541	1.3473736373
0.0003529769	1.3488994253
0.0003531997	1.3504254335
0.0003534225	1.3519516441
0.0003536453	1.3534780396
0.0003538681	1.3550046025
0.0003540909	1.3565313151
0.0003543136	1.3580581598
0.0003545364	1.3595851190
0.0003547592	1.3611121752
0.0003549820	1.3626393107
0.0003552048	1.3641665080
0.0003554276	1.3656937494
0.0003556504	1.3672210174
0.0003558732	1.3687482944
0.0003560959	1.3702755627
0.0003563187	1.3718028048
0.0003565415	1.3733300031
0.0003567643	1.3748571399
0.0003569871	1.3763841978
0.0003572099	1.3779111591
0.0003574327	1.3794380061
0.0003576554	1.3809647214
0.0003578782	1.3824912873
0.0003581010	1.3840176862
0.0003583238	1.3855439006
0.0003585466	1.3870699127
0.0003587694	1.3885957051
0.0003589922	1.3901212602
0.0003592149	1.3916465603
0.0003594377	1.3931715879
0.0003596605	1.3946963253
0.0003598833	1.3962207550
0.0003601061	1.3977448594
0.0003603289	1.3992686208
0.0003605517	1.4007920217
0.0003607745	1.4023150446
0.0003609972	1.4038376717
0.0003612200	1.4053598855
0.0003614428	1.4068816684
0.0003616656	1.4084030028
0.0003618884	1.4099238712
0.0003621112	1.4114442559
0.0003623340	1.4129641393
0.0003625567	1.4144835038
0.0003627795	1.4160023319
0.0003630023	1.4175206059
0.0003632251	1.4190383083
0.0003634479	1.4205554214
0.0003636707	1.4220719277
0.0003638935	1.4235878096
0.0003641162	1.4251030494
0.0003643390	1.4266176296
0.0003645618	1.4281315326
0.0003647846	1.4296447408
0.0003650074	1.4311572366
0.0003652302	1.4326689978
0.0003654530	1.4341799928
0.0003656758	1.4356901887
0.0003658985	1.4371995524
0.0003661213	1.4387080510
0.0003663441	1.4402156516
0.0003665669	1.4417223212
0.0003667897	1.4432280268
0.0003670125	1.4447327355
0.0003672353	1.4462364143
0.0003674580	1.4477390303
0.0003676808	1.4492405505
0.0003679036	1.4507409420
0.0003681264	1.4522401718
0.0003683492	1.4537382069
0.0003685720	1.4552350144
0.0003687948	1.4567305614
0.0003690175	1.4582248148
0.0003692403	1.4597177418
0.0003694631	1.4612093093
0.0003696859	1.4626994845
0.0003699087	1.4641882343
0.0003701315	1.4656755258
0.0003703543	1.4671613260
0.0003705771	1.4686456020
0.0003707998	1.4701283209
0.0003710226	1.4716094496
0.0003712454	1.4730889553
0.0003714682	1.4745668049
0.0003716910	1.4760429656
0.0003719138	1.4775174042
0.0003721366	1.4789900880
0.0003723593	1.4804609839
0.0003725821	1.4819300590
0.0003728049	1.4833972803
0.0003730277	1.4848626149
0.0003732505	1.4863260298
0.0003734733	1.4877874921
0.0003736961	1.4892469687
0.0003739188	1.4907044269
0.0003741416	1.4921598335
0.0003743644	1.4936131556
0.0003745872	1.4950643603
0.0003748100	1.4965134146
0.0003750328	1.4979602856
0.0003752556	1.4994049403
0.0003754784	1.5008473458
0.0003757011	1.5022874691
0.0003759239	1.5037252772
0.0003761467	1.5051607371
0.0003763695	1.5065938160
0.0003765923	1.5080244809
0.0003768151	1.5094526988
0.0003770379	1.5108784368
0.0003772606	1.5123016619
0.0003774834	1.5137223411
0.0003777062	1.5151404415
0.0003779290	1.5165559301
0.0003781518	1.5179687740
0.0003783746	1.5193789403
0.0003785974	1.5207863959
0.0003788202	1.5221911079
0.0003790429	1.5235930434
0.0003792657	1.5249921694
0.0003794885	1.5263884529
0.0003797113	1.5277818610
0.0003799341	1.5291723607
0.0003801569	1.5305599192
0.0003803797	1.5319445033
0.0003806024	1.5333260802
0.0003808252	1.5347046169
0.0003810480	1.5360800804
0.0003812708	1.5374524379
0.0003814936	1.5388216563
0.0003817164	1.5401877026
0.0003819392	1.5415505440
0.0003821619	1.5429101475
0.0003823847	1.5442664801
0.0003826075	1.5456195088
0.0003828303	1.5469692007
0.0003830531	1.5483155229
0.0003832759	1.5496584424
0.0003834987	1.5509979262
0.0003837215	1.5523339414
0.0003839442	1.5536664550
0.0003841670	1.5549954340
0.0003843898	1.5563208456
0.0003846126	1.5576426567
0.0003848354	1.5589608345
0.0003850582	1.5602753458
0.0003852810	1.5615861579
0.0003855037	1.5628932377
0.0003857265	1.5641965522
0.0003859493	1.5654960686
0.0003861721	1.5667917538
0.0003863949	1.5680835749
0.0003866177	1.5693714990
0.0003868405	1.5706554931
0.0003870632	1.5719355242
0.0003872860	1.5732115594
0.0003875088	1.5744835657
0.0003877316	1.5757515101
0.0003879544	1.5770153598
0.0003881772	1.5782750818
0.0003884000	1.5795306430
0.0003886228	1.5807820106
0.0003888455	1.5820291516
0.0003890683	1.5832720330
0.0003892911	1.5845106218
0.0003895139	1.5857448852
0.0003897367	1.5869747902
0.0003899595	1.5882003037
0.0003901823	1.5894213929
0.0003904050	1.5906380249
0.0003906278	1.5918502000
0.0003908506	1.5930580017
0.0003910734	1.5942615267
0.0003912962	1.5954608717
0.0003915190	1.5966561332
0.0003917418	1.5978474077
0.0003919645	1.5990347920
0.0003921873	1.6002183825
0.0003924101	1.6013982760
0.0003926329	1.6025745689
0.0003928557	1.6037473579
0.0003930785	1.6049167396
0.0003933013	1.6060828106
0.0003935241	1.6072456675
0.0003937468	1.6084054068
0.0003939696	1.6095621252
0.0003941924	1.6107159193
0.0003944152	1.6118668856
0.0003946380	1.6130151208
0.0003948608	1.6141607215
0.0003950836	1.6153037842
0.0003953063	1.6164444056
0.0003955291	1.6175826822
0.0003957519	1.6187187107
0.0003959747	1.6198525876
0.0003961975	1.6209844096
0.0003964203	1.6221142732
0.0003966431	1.6232422751
0.0003968658	1.6243685117
0.0003970886	1.6254930798
0.0003973114	1.6266160760
0.0003975342	1.6277375967
0.0003977570	1.6288577387
0.0003979798	1.6299765985
0.0003982026	1.6310942728
0.0003984254	1.6322108580
0.0003986481	1.6333264508
0.0003988709	1.6344411479
0.0003990937	1.6355550458
0.0003993165	1.6366682410
0.0003995393	1.6377808303
0.0003997621	1.6388929101
0.0003999849	1.6400045772
0.0004002076	1.6411159280
0.0004004304	1.6422270593
0.0004006532	1.6433380675
0.0004008760	1.6444490493
0.0004010988	1.6455601012
0.0004013216	1.6466713200
0.0004015444	1.6477828021
0.0004017671	1.6488946442
0.0004019899	1.6500069429
0.0004022127	1.6511197947
0.0004024355	1.6522332963
0.0004026583	1.6533475442
0.0004028811	1.6544626351
0.0004031039	1.6555786656
0.0004033267	1.6566957322
0.0004035494	1.6578139315
0.0004037722	1.6589333602
0.0004039950	1.6600541149
0.0004042178	1.6611762920
0.0004044406	1.6622999883
0.0004046634	1.6634253004
0.0004048862	1.6645523247
0.0004051089	1.6656811580
0.0004053317	1.6668118969
0.0004055545	1.6679446378
0.0004057773	1.6690794775
0.0004060001	1.6702165124
0.0004062229	1.6713558393
0.0004064457	1.6724975547
0.0004066684	1.6736417552
0.0004068912	1.6747885374
0.0004071140	1.6759379979
0.0004073368	1.6770902333
0.0004075596	1.6782453402
0.0004077824	1.6794034152
0.0004080052	1.6805645549
0.0004082280	1.6817288559
0.0004084507	1.6828964147
0.0004086735	1.6840673280
0.0004088963	1.6852416924
0.0004091191	1.6864196045
0.0004093419	1.6876011609
0.0004095647	1.6887864581
0.0004097875	1.6899755928
0.0004100102	1.6911686615
0.0004102330	1.6923657609
0.0004104558	1.6935669876
0.0004106786	1.6947724381
0.0004109014	1.6959822091
0.0004111242	1.6971963971
0.0004113470	1.6984150988
0.0004115697	1.6996384107
0.0004117925	1.7008664294
0.0004120153	1.7020992516
0.0004122381	1.7033369738
0.0004124609	1.7045796926
0.0004126837	1.7058275047
0.0004129065	1.7070805066
0.0004131293	1.7083387949
0.0004133520	1.7096024663
0.0004135748	1.7108716172
0.0004137976	1.7121463444
0.0004140204	1.7134267444
0.0004142432	1.7147129137
0.0004144660	1.7160049491
0.0004146888	1.7173029471
0.0004149115	1.7186070043
0.0004151343	1.7199172173
0.0004153571	1.7212336827
0.0004155799	1.7225564970
0.0004158027	1.7238857570
0.0004160255	1.7252215591
0.0004162483	1.7265640001
0.0004164711	1.7279131764
0.0004166938	1.7292691846
0.0004169166	1.7306321215
0.0004171394	1.7320020835
0.0004173622	1.7333791673
0.0004175850	1.7347634694
0.0004178078	1.7361550865
0.0004180306	1.7375541152
0.0004182533	1.7389606520
0.0004184761	1.7403747936
0.0004186989	1.7417966365
0.0004189217	1.7432262774
0.0004191445	1.7446638128
0.0004193673	1.7461093401
0.0004195901	1.7475629944
0.0004198128	1.7490249677
0.0004200356	1.7504954567
0.0004202584	1.7519746580
0.0004204812	1.7534627681
0.0004207040	1.7549599837
0.0004209268	1.7564665014
0.0004211496	1.7579825177
0.0004213724	1.7595082294
0.0004215951	1.7610438330
0.0004218179	1.7625895250
0.0004220407	1.7641455022
0.0004222635	1.7657119612
0.0004224863	1.7672890984
0.0004227091	1.7688771107
0.0004229319	1.7704761945
0.0004231546	1.7720865464
0.0004233774	1.7737083632
0.0004236002	1.7753418413
0.0004238230	1.7769871774
0.0004240458	1.7786445681
0.0004242686	1.7803142101
0.0004244914	1.7819962998
0.0004247141	1.7836910340
0.0004249369	1.7853986092
0.0004251597	1.7871192221
0.0004253825	1.7888530692
0.0004256053	1.7906003472
0.0004258281	1.7923612527
0.0004260509	1.7941359823
0.0004262737	1.7959247325
0.0004264964	1.7977277001
0.0004267192	1.7995450816
0.0004269420	1.8013770735
0.0004271648	1.8032238727
0.0004273876	1.8050856755
0.0004276104	1.8069626787
0.0004278332	1.8088550789
0.0004280559	1.8107630726
0.0004282787	1.8126868565
0.0004285015	1.8146266272
0.0004287243	1.8165825812
0.0004289471	1.8185549153
0.0004291699	1.8205438260
0.0004293927	1.8225495098
0.0004296154	1.8245721636
0.0004298382	1.8266119837
0.0004300610	1.8286691669
0.0004302838	1.8307439098
0.0004305066	1.8328364089
0.0004307294	1.8349468608
0.0004309522	1.8370754623
0.0004311750	1.8392224099
0.0004313977	1.8413879001
0.0004316205	1.8435721296
0.0004318433	1.8457752951
0.0004320661	1.8479975931
0.0004322889	1.8502392202
0.0004325117	1.8525003731
0.0004327345	1.8547812483
0.0004329572	1.8570820425
0.0004331800	1.8594029522
0.0004334028	1.8617441741
0.0004336256	1.8641059049
0.0004338484	1.8664883410
0.0004340712	1.8688916791
0.0004342940	1.8713161158
0.0004345167	1.8737618477
0.0004347395	1.8762290715
0.0004349623	1.8787179837
0.0004351851	1.8812287809
0.0004354079	1.8837616599
0.0004356307	1.8863168170
0.0004358535	1.8888944491
0.0004360763	1.8914947526
0.0004362990	1.8941179170
0.0004365218	1.8967638491
0.0004367446	1.8994320886
0.0004369674	1.9021221505
0.0004371902	1.9048335499
0.0004374130	1.9075658018
0.0004376358	1.9103184213
0.0004378585	1.9130909235
0.0004380813	1.9158828234
0.0004383041	1.9186936360
0.0004385269	1.9215228765
0.0004387497	1.9243700599
0.0004389725	1.9272347012
0.0004391953	1.9301163155
0.0004394180	1.9330144178
0.0004396408	1.9359285233
0.0004398636	1.9388581469
0.0004400864	1.9418028038
0.0004403092	1.9447620089
0.0004405320	1.9477352774
0.0004407548	1.9507221243
0.0004409776	1.9537220646
0.0004412003	1.9567346135
0.0004414231	1.9597592859
0.0004416459	1.9627955969
0.0004418687	1.9658430617
0.0004420915	1.9689011951
0.0004423143	1.9719695124
0.0004425371	1.9750475285
0.0004427598	1.9781347586
0.0004429826	1.9812307176
0.0004432054	1.9843349206
0.0004434282	1.9874468827
0.0004436510	1.9905661190
0.0004438738	1.9936921444
0.0004440966	1.9968244741
0.0004443193	1.9999626231
0.0004445421	2.0031061065
0.0004447649	2.0062544394
0.0004449877	2.0094071367
0.0004452105	2.0125637135
0.0004454333	2.0157236850
0.0004456561	2.0188865661
0.0004458789	2.0220518719
0.0004461016	2.0252191175
0.0004463244	2.0283878179
0.0004465472	2.0315574882
0.0004467700	2.0347276435
