0.000000;0.000000
0.000000;0.004443
0.000000;0.023407
0.000001;0.052935
0.000001;0.087838
0.000002;0.128514
0.000004;0.170384
0.000007;0.207434
0.000010;0.240788
0.000014;0.272700
0.000020;0.305252
0.000026;0.345482
0.000034;0.395223
0.000043;0.447495
0.000054;0.500509
0.000066;0.560081
0.000081;0.627606
0.000097;0.697535
0.000114;0.769778
0.000134;0.849222
0.000157;0.938252
0.000181;1.037666
0.000208;1.147072
0.000237;1.263886
0.000269;1.386189
0.000304;1.514648
0.000341;1.648051
0.000382;1.782743
0.000425;1.925455
0.000472;2.086466
0.000522;2.262503
0.000575;2.447520
0.000631;2.641129
0.000692;2.842297
0.000756;3.049472
0.000823;3.267058
0.000894;3.502272
0.000970;3.753307
0.001049;4.021830
0.001133;4.307996
0.001221;4.600333
0.001313;4.893695
0.001410;5.194061
0.001511;5.507914
0.001617;5.835604
0.001727;6.178930
0.001842;6.544851
0.001963;6.932009
0.002088;7.337861
0.002218;7.758441
0.002354;8.192718
0.002494;8.636536
0.002641;9.092587
0.002793;9.563082
0.002949;10.045429
0.003112;10.546096
0.003281;11.070563
0.003456;11.620106
0.003636;12.188364
0.003822;12.768574
0.004015;13.363926
0.004214;13.972994
0.004419;14.600098
0.004630;15.250341
0.004847;15.921211
0.005071;16.618368
0.005302;17.340694
0.005540;18.081652
0.005784;18.832540
0.006035;19.594785
0.006293;20.382071
0.006558;21.192400
0.006831;22.026046
0.007109;22.881273
0.007396;23.761675
0.007690;24.662642
0.007991;25.585768
0.008300;26.529858
0.008616;27.490260
0.008940;28.480091
0.009272;29.499104
0.009612;30.541951
0.009959;31.604923
0.010313;32.687286
0.010677;33.798262
0.011049;34.930822
0.011428;36.082407
0.011815;37.250742
0.012211;38.448862
0.012616;39.676729
0.013029;40.936470
0.013451;42.226286
0.013880;43.539045
0.014319;44.883215
0.014766;46.249577
0.015223;47.632238
0.015687;49.028687
0.016161;50.459137
0.016644;51.923775
0.017137;53.421432
0.017638;54.950079
0.018147;56.500195
0.018667;58.079805
0.019196;59.683458
0.019735;61.311331
0.020281;62.957956
0.020839;64.642334
0.021406;66.364159
0.021983;68.118267
0.022570;69.899113
0.023164;71.702393
0.023770;73.542027
0.024386;75.408634
0.025013;77.301571
0.025646;79.214981
0.026292;81.164307
0.026949;83.145931
0.027615;85.161732
0.028290;87.202530
0.028977;89.281830
0.029674;91.393864
0.030382;93.537331
0.031097;95.700314
0.031826;97.898827
0.032566;100.130928
0.033316;102.400455
0.034076;104.705166
0.034845;107.032715
0.035627;109.397449
0.036420;111.789650
0.037224;114.210949
0.038036;116.655670
0.038862;119.143955
0.039699;121.670776
0.040547;124.238758
0.041403;126.833736
0.042273;129.467041
0.043154;132.128380
0.044047;134.820457
0.044948;137.534920
0.045864;140.294388
0.046791;143.091362
0.047729;145.924706
0.048676;148.784172
0.049637;151.690987
0.050610;154.630775
0.051592;157.589462
0.052588;160.591980
0.053596;163.630295
0.054616;166.702797
0.055644;169.799400
0.056688;172.946869
0.057744;176.135902
0.058811;179.365112
0.059887;182.618813
0.060978;185.915733
0.062082;189.241798
0.063194;192.587158
0.064321;195.980179
0.065462;199.411133
0.066614;202.882332
0.067774;206.383987
0.068951;209.939728
0.070140;213.530540
0.071342;217.152756
0.072551;220.795845
0.073777;224.490128
0.075016;228.224663
0.076263;231.986130
0.077527;235.799606
0.078803;239.650040
0.080088;243.523766
0.081390;247.446953
0.082704;251.403435
0.084031;255.397118
0.085366;259.418503
0.086719;263.495499
0.088084;267.611282
0.089457;271.751572
0.090848;275.946732
0.092252;280.181351
0.093664;284.439514
0.095094;288.749222
0.096536;293.093750
0.097987;297.461349
0.099456;301.887177
0.100938;306.353790
0.102427;310.843735
0.103935;315.391541
0.105456;319.979446
0.106990;324.602203
0.108532;329.241364
0.110093;333.934875
0.111667;338.672150
0.113248;343.439117
0.114849;348.269653
0.116463;353.142853
0.118084;358.036530
0.119724;362.984070
0.121372;367.948334
0.123039;372.964233
0.124720;378.017761
0.126407;383.097488
0.128115;388.241913
0.129836;393.429276
0.131564;398.639053
0.133312;403.909103
0.135073;409.219833
0.136841;414.551422
0.138630;419.941467
0.140432;425.369690
0.142241;430.818878
0.144070;436.331558
0.145906;441.866028
0.147763;447.460617
0.149633;453.097458
0.151510;458.755844
0.153407;464.472809
0.155318;470.227158
0.157236;476.000687
0.159175;481.838348
0.161120;487.700882
0.163086;493.631180
0.165066;499.604248
0.167052;505.594528
0.169059;511.645081
0.171073;517.712738
0.173108;523.841248
0.175157;530.011261
0.177212;536.204773
0.179288;542.466827
0.181371;548.747650
0.183475;555.089111
0.185585;561.445587
0.187717;567.864838
0.189863;574.326477
0.192014;580.809967
0.194188;587.362640
0.196367;593.936340
0.198568;600.578705
0.200776;607.239105
0.203005;613.961395
0.205247;620.721039
0.207496;627.495789
0.209767;634.335052
0.212043;641.190155
0.214342;648.113342
0.216646;655.056885
0.218973;662.072693
0.221305;669.110504
0.223659;676.216888
0.226027;683.361206
0.228401;690.517303
0.230797;697.739014
0.233199;704.974792
0.235623;712.279236
0.238052;719.603668
0.240504;727.001648
0.242961;734.416016
0.245441;741.896515
0.247926;749.387115
0.250434;756.943329
0.252946;764.514526
0.255482;772.159027
0.258022;779.821472
0.260586;787.555542
0.263154;795.305359
0.265745;803.126068
0.268341;810.957550
0.270960;818.855499
0.273584;826.766663
0.276231;834.750427
0.278882;842.747681
0.281557;850.815369
0.284236;858.895569
0.286929;867.017792
0.289645;875.212433
0.292366;883.419739
0.295110;891.696899
0.297858;899.985046
0.300630;908.347656
0.303406;916.724426
0.306205;925.174744
0.309009;933.637787
0.311826;942.143677
0.314667;950.720123
0.317511;959.302002
0.320380;967.950958
0.323252;976.607269
0.326148;985.339844
0.329047;994.089386
0.331960;1002.885925
0.334898;1011.758209
0.337838;1020.640411
0.340803;1029.594238
0.343771;1038.551636
0.346752;1047.545227
0.349758;1056.612671
0.352766;1065.692444
0.355799;1074.850037
0.358835;1084.017395
0.361884;1093.225891
0.364958;1102.508118
0.368035;1111.796570
0.371125;1121.125000
0.374239;1130.526794
0.377356;1139.934326
0.380498;1149.419067
0.383642;1158.913696
0.386799;1168.450317
0.389981;1178.063049
0.393165;1187.683594
0.396362;1197.344727
0.399585;1207.078613
0.402809;1216.814270
0.406047;1226.588379
0.409309;1236.439392
0.412573;1246.299072
0.415851;1256.201904
0.419153;1266.181396
0.422457;1276.164185
0.425774;1286.189331
0.429104;1296.248352
0.432460;1306.448242
0.435816;1314.971863
0.439186;1323.320251
0.442581;1333.574524
0.445977;1344.865540
0.449385;1355.286194
0.452807;1365.266968
0.456255;1376.011475
0.459703;1386.538757
0.463163;1396.313660
0.466650;1405.226990
0.470136;1413.988342
0.473636;1424.421814
0.477149;1435.830994
0.480687;1447.185181
0.484225;1457.832642
0.487776;1468.284973
0.491339;1479.021179
0.494929;1489.320740
0.498518;1498.619202
0.502120;1508.024292
0.505734;1518.714783
0.509361;1530.499329
0.513014;1542.226379
0.516666;1553.347534
0.520331;1563.881470
0.524009;1574.431030
0.527712;1585.319031
0.531414;1595.476440
0.535129;1604.775391
0.538856;1615.601257
0.542596;1628.014099
0.546361;1640.082153
0.550126;1651.265625
0.553902;1662.502869
0.557691;1673.869568
0.561492;1684.749084
0.565305;1695.089722
0.569145;1705.098572
0.572982;1715.976746
0.576832;1728.263550
0.580694;1740.950317
0.584567;1752.770325
0.588453;1763.719421
0.592365;1775.013733
0.596275;1786.545044
0.600197;1797.330811
0.604130;1807.926453
0.608076;1819.712097
0.612033;1832.472351
0.616002;1845.160706
0.619997;1856.915527
0.623990;1868.228394
0.627994;1879.481628
0.632010;1890.869507
0.636037;1902.548340
0.640076;1913.795410
0.644127;1925.650085
0.648189;1938.612793
0.652262;1951.727600
0.656362;1963.924622
0.660459;1975.361084
0.664566;1986.906067
0.668685;1998.646912
0.672816;2010.643066
0.676958;2022.502502
0.681110;2034.547852
0.685274;2047.423950
0.689450;2061.185547
0.693636;2073.912964
0.697833;2085.231079
0.702042;2096.808472
0.706261;2109.021973
0.710491;2121.234375
0.714733;2133.317139
0.718985;2145.999268
0.723248;2159.469360
0.727522;2173.136719
0.731822;2186.288208
0.736117;2198.206177
0.740423;2209.766968
0.744739;2221.829468
0.749067;2234.811523
0.753404;2247.530518
0.757753;2260.177856
0.762111;2273.621460
0.766481;2287.639893
0.770860;2301.027466
0.775250;2313.104736
0.779650;2325.012085
0.784045;2337.748779
0.788465;2350.896240
0.792896;2364.020996
0.797337;2377.079102
0.801788;2390.555176
0.806250;2404.610840
0.810721;2418.302002
0.815202;2430.793579
0.819693;2442.896484
0.824194;2455.770508
0.828705;2469.232910
0.833225;2482.826050
0.837756;2496.281372
0.842296;2510.107910
0.846846;2524.211670
0.851405;2538.060791
0.855974;2550.997070
0.860536;2563.166382
0.865124;2576.047363
0.869721;2590.088379
0.874328;2604.316650
0.878944;2617.969604
0.883569;2631.934570
0.888204;2646.218384
0.892847;2660.001831
0.897501;2673.023193
0.902146;2685.680176
0.906817;2699.058105
0.911497;2713.084106
0.916186;2727.648926
0.920884;2742.064819
0.925591;2756.358154
0.930306;2767.572388
0.935030;2774.030029
0.939746;2784.547974
0.944487;2801.073120
0.949237;2816.046997
0.953995;2828.905151
0.958762;2843.964233
0.963537;2859.413940
0.968320;2873.482788
0.973112;2883.987305
0.977894;2891.289062
0.982702;2901.538208
0.987518;2915.520264
0.992343;2932.056763
0.997175;2947.605225
1.002015;2961.441895
1.006863;2976.424561
1.011720;2991.096069
1.016584;3003.076782
1.021455;3011.225342
1.026317;3022.681030
1.031204;3035.820557
1.036099;3050.162109
1.041001;3066.785767
1.045911;3081.874634
1.050829;3095.638794
1.055753;3112.724243
1.060686;3129.354126
1.065626;3138.716187
1.070572;3147.052734
1.075527;3161.352661
1.080488;3175.563477
1.085457;3189.269653
1.090414;3206.065552
1.095397;3223.346924
1.100387;3239.108276
1.105382;3254.743530
1.110385;3267.540894
1.115393;3276.985596
1.120407;3270.385376
1.125428;3269.693604
1.130473;3284.700684
1.135505;3306.729858
1.140543;3323.438232
1.145588;3339.192383
1.150638;3358.031372
1.155713;3373.913330
1.160775;3383.425537
1.165843;3384.109985
1.170934;3381.728027
1.176013;3385.720703
1.181117;3399.746216
1.186207;3420.794434
1.191304;3441.723145
1.196425;3478.310181
1.201532;3506.338257
1.206663;3513.379395
1.211798;3511.505371
1.216920;3500.267944
1.222064;3486.078125
1.227212;3485.761353
1.232365;3507.168823
1.237521;3532.759033
1.242683;3560.418823
1.247850;3592.557861
1.253021;3621.057495
1.258196;3628.954834
1.263375;3614.413940
1.268577;3599.161499
1.273765;3591.917603
1.278958;3593.460571
1.284173;3617.296387
1.289373;3678.047119
1.294578;3714.206177
1.299805;3704.855225
1.305018;3706.435181
1.310253;3722.881836
1.315491;3720.214600
1.320732;3702.861206
1.325958;3691.600708
1.331206;3698.334229
1.336458;3734.303711
1.341714;3780.603271
1.346973;3804.929199
1.352237;3812.087524
1.357505;3819.597778
1.362777;3845.081177
1.368052;3844.925415
1.373331;3809.680542
1.378614;3781.427856
1.383900;3783.281860
1.389209;3814.532349
1.394502;3864.754883
1.399799;3903.784790
1.405099;3907.642700
1.410403;3918.078857
1.415710;3944.511353
1.421021;3944.436035
1.426354;3911.605713
1.431672;3899.005981
1.436994;3910.790894
1.442319;3904.490845
1.447648;3920.658813
1.452979;3972.868774
1.458314;3995.174561
1.463652;3985.369507
1.468994;4006.706543
1.474357;4037.641357
1.479704;4021.997559
1.485054;4001.830688
1.490407;4026.045898
1.495763;4021.426147
1.501122;3998.982422
1.506484;4018.029785
1.511848;4059.665771
1.517215;4065.005615
1.522585;4069.994263
1.527956;4082.352539
1.533331;4084.270996
1.538707;4109.287598
1.544086;4122.971924
1.549468;4102.470703
1.554851;4076.939209
1.560237;4094.170288
1.565624;4118.339844
1.570995;4117.589111
1.576386;4119.885986
1.581780;4136.637695
1.587175;4160.213623
1.592572;4159.736328
1.597970;4170.701416
1.603371;4171.328369
1.608773;4136.406250
1.614176;4132.209961
1.619581;4168.024658
1.624967;4184.346680
1.630375;4166.750488
1.635784;4209.545898
1.641194;4220.072266
1.646605;4177.655029
1.652017;4168.898682
1.657430;4191.838379
1.662824;4185.956787
1.668239;4173.166016
1.673655;4223.736328
1.679071;4237.575684
1.684489;4217.218506
1.689907;4208.553223
1.695306;4217.002686
1.700724;4208.910645
1.706144;4188.211670
1.711564;4197.785400
1.716965;4194.235352
1.722385;4166.378906
1.727806;4167.313477
1.733227;4190.250000
1.738648;4235.314697
1.744049;4261.890381
1.749470;4244.007324
1.754891;4194.944824
1.760293;4167.363281
1.765713;4159.651123
1.771134;4156.515137
1.776554;4152.371094
1.781955;4123.931885
1.787374;4101.449463
1.792793;4086.611450
1.798192;4131.164551
1.803610;4156.030273
1.809027;4163.640381
1.814425;4085.239624
1.819840;4085.066650
1.825255;4057.885498
1.830650;4018.812622
1.836064;3972.637207
1.841476;4011.487549
1.846869;3967.704346
1.852279;3894.577515
1.857670;3868.891968
1.863079;3901.118896
1.868468;3879.295410
1.873875;3871.150757
1.879262;3803.334473
1.884667;3764.171753
1.890052;3757.369141
1.895435;3707.469116
1.900837;3714.197510
1.906217;3715.658325
1.911597;3721.873901
1.916974;3681.005249
1.922369;3653.851318
1.927743;3619.472290
1.933115;3666.146973
1.938486;3634.775269
1.943854;3587.489746
1.949240;3542.185181
1.954604;3565.484131
1.959966;3506.199463
1.965326;3471.474121
1.970683;3477.045288
1.976038;3485.607422
1.981391;3425.650635
1.986741;3390.745728
1.992088;3319.919922
1.997433;3321.085327
2.002795;3292.251465
2.008134;3296.225342
2.013470;3277.939453
2.018803;3266.417114
2.024133;3280.400024
2.029461;3276.970581
2.034785;3221.757568
2.040105;3219.345093
2.045423;3260.250488
2.050737;3215.582886
2.056048;3119.753784
2.061355;3098.336182
2.066640;3108.197266
2.071940;3038.266113
2.077236;3045.147461
2.082529;3035.383301
2.087818;3018.265015
2.093103;2996.965698
2.098385;2985.294678
2.103662;2915.608765
2.108935;2894.808228
2.114204;2888.212646
2.119469;2910.414673
2.124730;2848.291626
2.129987;2832.587280
2.135239;2845.590698
2.140487;2839.720337
2.145711;2786.119263
2.150950;2775.634033
2.156185;2796.318481
2.161414;2793.958740
2.166639;2738.993652
2.171860;2703.870361
2.177075;2702.208862
2.182286;2659.016846
2.187491;2651.602295
2.192673;2652.827026
2.197869;2640.760498
2.203060;2583.622070
2.208245;2579.627686
2.213425;2565.547607
2.218600;2442.172119
2.223770;2448.557739
2.228934;2502.552368
2.234074;2426.254883
2.239228;2441.427002
2.244375;2480.154663
2.249518;2401.453247
2.254654;2389.467773
2.259785;2436.305054
2.264910;2372.817505
2.270029;2352.172241
2.275124;2386.417725
2.280231;2348.983643
2.285333;2299.174683
2.290428;2235.917603
2.295517;2266.196899
2.300601;2290.389648
2.305659;2212.222046
2.310730;2239.147095
2.315794;2277.251343
2.320852;2172.580566
2.325903;2094.917725
2.330948;2173.447998
2.335986;2102.007812
2.341000;2022.732056
2.346025;2133.580322
2.351043;2117.094727
2.356055;2000.801147
2.361060;2065.321289
2.366058;2074.472046
2.371031;1973.059326
2.376015;1981.125183
2.380992;2069.533569
2.385962;1988.344482
2.390925;1925.160767
2.395880;1942.997742
2.400829;2024.746155
2.405752;1957.607178
2.410686;1879.163513
2.415612;1911.626343
2.420531;1961.748779
2.425442;1852.910583
2.430346;1867.896545
2.435225;1829.993347
2.440113;1755.128967
2.444994;1783.434570
2.449867;1875.826660
2.454733;1715.523804
2.459590;1680.315002
2.464422;1820.474487
2.469264;1772.517029
2.474097;1667.543945
2.478922;1781.397461
2.483740;1748.942078
2.488532;1629.612976
2.493333;1611.108276
2.498125;1733.135132
2.502910;1692.779419
2.507686;1640.728577
2.512453;1599.995483
2.517195;1661.907349
2.521946;1700.453369
2.526688;1650.294983
2.531421;1568.808655
2.536146;1535.018494
2.540863;1514.730042
2.545553;1638.744568
2.550251;1608.850098
2.554941;1485.523010
2.559622;1450.075806
2.564294;1515.891785
2.568940;1526.134277
2.573593;1547.806335
2.578238;1517.742737
2.582874;1339.406555
2.587500;1421.600220
2.592118;1580.922852
2.596709;1492.962402
2.601307;1364.215881
2.605897;1374.285522
2.610477;1408.602417
2.615047;1529.015564
2.619608;1547.259644
2.624143;1450.786804
2.628685;1283.489624
2.633217;1343.479248
2.637739;1386.798523
2.642251;1363.315918
2.646738;1336.750061
2.651231;1308.316650
2.655715;1287.885254
2.660188;1358.753723
2.664651;1372.460693
2.669089;1322.109985
2.673532;1248.823730
2.677965;1212.351257
2.682388;1279.818359
2.686801;1292.237976
2.691204;1251.722839
2.695581;1314.695618
2.699963;1335.897583
2.704335;1213.167236
2.708696;1263.256592
2.713048;1334.544922
2.717372;1176.018066
2.721703;1080.331116
2.726022;1311.524109
2.730331;1349.200439
2.734630;1262.120117
2.738918;1240.023865
2.743179;1196.873474
2.747445;1101.973816
2.751701;1114.611938
2.755945;1103.925232
2.760179;1144.112671
2.764387;1181.967041
2.768599;1204.819458
2.772800;1150.895569
2.776990;1117.457581
2.781169;1067.535828
2.785321;1037.306763
2.789478;1061.663208
2.793624;1039.513367
2.797758;1167.394958
2.801881;1244.178589
2.805993;1097.496277
2.810079;1083.434448
2.814168;1157.884399
2.818245;1023.823425
2.822312;985.671051
2.826366;1111.289124
2.830395;1138.116638
2.834427;1049.166565
2.838447;1118.765259
2.842456;1110.835999
2.846453;1053.643372
2.850424;1035.042603
2.854397;914.821228
2.858359;914.952637
2.862309;1075.177063
2.866247;1092.113220
2.870173;1037.630005
2.874074;1020.039948
2.877977;965.533508
2.881867;949.235382
2.885746;895.657501
2.889612;890.637482
2.893453;1004.386017
2.897295;1103.615906
2.901126;1050.439453
2.904944;1041.007996
2.908751;1012.584656
2.912531;912.077576
2.916312;906.391510
2.920082;915.748535
2.923839;841.729095
2.927583;917.966766
2.931302;1067.440369
2.935022;982.301361
2.938730;929.069275
2.942425;941.679321
2.946108;914.147308
2.949765;838.004150
2.953423;848.100739
2.957068;895.206512
2.960700;869.071289
2.964320;889.867645
2.967927;960.827606
2.971509;943.786469
2.975091;921.192657
2.978660;908.032288
2.982217;922.812988
2.985761;902.763794
2.989279;870.257874
2.992797;954.402466
2.996302;900.765106
2.999795;840.600555
3.003274;933.486115
3.006728;987.378540
3.010182;844.302155
3.013623;766.902893
3.017050;852.289398
3.020465;798.574066
3.023854;714.681427
3.027243;823.095184
3.030618;869.983185
3.033981;871.742950
3.037330;866.327942
3.040654;819.128448
3.043977;803.363525
3.047287;797.100830
3.050583;803.669006
3.053867;769.646454
3.057137;818.765259
3.060382;868.231201
3.063625;877.523865
3.066855;784.210419
3.070072;741.768036
3.073276;853.192566
3.076454;875.963745
3.079631;772.881073
3.082795;835.481079
3.085945;906.404144
3.089081;836.411804
3.092193;764.359009
3.095303;767.606201
3.098399;773.656586
3.101481;749.555450
3.104550;722.043549
3.107595;688.806305
3.110637;770.539337
3.113665;832.262970
3.116680;771.110779
3.119681;691.250061
3.122658;755.108398
3.125632;790.883820
3.128592;803.280212
3.131539;776.674011
3.134472;756.265900
3.137381;783.763245
3.140287;791.944702
3.143179;766.602386
3.146057;773.356079
3.148922;764.145142
3.151762;763.591827
3.154600;782.872345
3.157423;770.907684
3.160233;734.951447
3.163028;763.250275
3.165801;748.041962
3.168569;613.955811
3.171323;638.843140
3.174064;680.525787
3.176791;638.916718
3.179504;678.927979
3.182193;763.488403
3.184878;784.633362
3.187550;766.001434
3.190208;746.853394
3.192852;732.248627
3.195472;711.234070
3.198088;731.232361
3.200690;754.886841
3.203279;784.934235
3.205853;746.305481
3.208405;688.138397
3.210951;667.139496
3.213484;582.503113
3.216003;640.622009
3.218508;744.639740
3.220990;642.972900
3.223467;530.971741
3.225930;617.473785
3.228380;747.183655
3.230815;694.070465
3.233228;672.065186
3.235636;741.416779
3.238029;764.495605
3.240409;766.106720
3.242775;710.206848
3.245119;650.306976
3.247457;602.764923
3.249781;632.919098
3.252092;740.625488
3.254388;739.833710
3.256662;670.401031
3.258931;630.656677
3.261186;643.572937
3.263427;652.353119
3.265653;671.040314
3.267859;707.387970
3.270058;618.833313
3.272243;544.946503
3.274415;628.896851
3.276572;655.868011
3.278708;609.910187
3.280838;601.670502
3.282955;629.753235
3.285057;709.829437
3.287145;741.183105
3.289213;678.971893
3.291274;571.071594
3.293321;571.926758
3.295354;636.692383
3.297374;721.828430
3.299372;721.484100
3.301364;629.241852
3.303343;592.316620
3.305307;649.173676
3.307258;631.202698
3.309195;588.547455
3.311111;604.065857
3.313021;635.357880
3.314917;666.124176
3.316800;685.176300
3.318669;676.414124
3.320517;638.002960
3.322359;609.036194
3.324187;628.370972
3.326001;719.316986
3.327802;694.031250
3.329583;574.656342
3.331357;560.341705
3.333117;620.554077
3.334863;621.184479
3.336597;662.309174
3.338310;690.997772
3.340017;650.371796
3.341710;619.951385
3.343389;626.477539
3.345055;591.240875
3.346702;572.971558
3.348342;608.363739
3.349968;601.657684
3.351581;552.549408
3.353180;543.094360
3.354761;567.387115
3.356334;566.817902
3.357894;573.035614
3.359440;618.885284
3.360974;727.143127
3.362489;690.155853
3.363996;574.230438
3.365490;565.768463
3.366971;599.166595
3.368439;587.910645
3.369889;611.867981
3.371331;645.690857
3.372761;619.821991
3.374177;587.411743
3.375580;580.300018
3.376966;547.056458
3.378343;555.573486
3.379708;604.109283
3.381060;615.960358
3.382399;631.993225
3.383721;593.617157
3.385035;601.093567
3.386336;623.846405
3.387624;588.110596
3.388900;594.163361
3.390159;676.577911
3.391410;659.074890
3.392648;550.621277
3.393874;536.525970
3.395088;591.175720
3.396284;578.124786
3.397473;587.838043
3.398649;625.014465
3.399814;636.337097
3.400965;634.073212
3.402101;584.746552
3.403229;566.169708
3.404344;580.048615
3.405447;600.428741
3.406538;611.390594
3.407614;567.756348
3.408681;528.877563
3.409736;574.651733
3.410779;635.110657
3.411811;611.447388
3.412827;592.517029
3.413835;674.233612
3.414831;638.040527
3.415816;542.385590
3.416788;525.854507
3.417746;539.621033
3.418696;548.874756
3.419634;564.003998
3.420561;567.861511
3.421476;560.018311
3.422377;567.129150
3.423269;560.051086
3.424151;517.418594
3.425021;529.897491
3.425880;583.167053
3.426724;605.197754
3.427561;601.298950
3.428387;542.353851
3.429201;558.826080
3.430005;591.613007
3.430795;572.931732
3.431577;571.862457
3.432348;592.537140
3.433109;568.576569
3.433859;537.257721
3.434595;531.731201
3.435324;535.736755
3.436042;554.409943
3.436749;578.229004
3.437447;560.181335
3.438133;570.569061
3.438808;602.297607
3.439474;559.543701
3.440130;553.949402
3.440776;577.089661
3.441412;575.574341
3.442036;554.557007
3.442652;544.757538
3.443258;533.458496
3.443855;551.919006
3.444441;586.870972
3.445016;610.269012
3.445583;594.952484
3.446141;574.925171
3.446689;555.351898
3.447227;549.753265
3.447755;531.263626
3.448274;516.792023
3.448785;570.188629
3.449286;585.461426
3.449779;548.806335
3.450260;546.187775
3.450735;581.849426
3.451200;563.721527
3.451656;569.117401
3.452104;609.562622
3.452541;606.692871
3.452971;557.509796
3.453393;532.293732
3.453806;513.487000
3.454211;528.244690
3.454606;566.252777
3.454994;587.111389
3.455373;593.583801
3.455745;574.014526
3.456108;562.777374
3.456463;556.181458
3.456810;526.063644
3.457150;519.222214
3.457482;596.566406
3.457806;611.654114
3.458121;559.582184
3.458430;561.791046
3.458731;581.343628
3.459025;536.731186
3.459312;548.394165
3.459590;599.567169
3.459863;584.729645
3.460128;546.920746
3.460386;528.989410
3.460637;534.350281
3.460881;548.404205
3.461118;555.907379
3.461349;579.703949
3.461574;594.894745
3.461792;581.535797
3.462002;576.521851
3.462207;570.771027
3.462406;533.707245
3.462599;526.115295
3.462785;584.501099
3.462965;578.164307
3.463139;542.949738
3.463308;561.059113
3.463471;566.776184
3.463629;557.868439
3.463780;577.836517
3.463926;588.880402
3.464067;564.827454
3.464202;536.399170
3.464333;533.320389
3.464458;537.005096
3.464578;557.414612
3.464694;573.980194
3.464804;584.029846
3.464910;597.744965
3.465011;581.321960
3.465107;565.486725
3.465200;561.736389
3.465287;543.631470
3.465371;550.582794
3.465450;575.186829
3.465526;556.206818
3.465597;524.702698
3.465665;528.669525
3.465729;555.296539
3.465789;577.931946
3.465845;603.825867
3.465899;595.524994
3.465948;584.487305
3.465995;573.284790
3.466038;533.635590
3.466079;531.724823
3.466116;563.749634
3.466151;565.348969
3.466183;566.951508
3.466212;579.721130
3.466239;561.887177
3.466264;535.162781
3.466286;538.958191
3.466306;558.468689
3.466323;579.638672
3.466339;596.200806
3.466353;572.791107
3.466366;552.427429
3.466377;549.564270
3.466386;557.932098
3.466394;585.017456
3.466400;585.442139
3.466405;565.961761
3.466410;575.279053
3.466413;557.504211
3.466416;508.798553
3.466418;517.709167
3.466419;566.031525
3.466419;575.089600
3.466420;581.498413
3.466420;607.013092
3.466420;587.807800
